0,-10.44583893030328
0.02396421051389578,-10.41403889128792
0.04792842102779156,-10.31919987296812
0.07189263154168735,-10.16342259414453
0.09585684205558312,-9.950457871908832
0.1223134697034774,-9.914097205030952
0.1487701005261676,-9.806085700221374
0.1752267281740619,-9.629970361309923
0.2016833558219561,-9.392842474817911
0.2281399866446463,-9.108457395068148
0.2545966142925406,-8.806098924450417
0.2810532419404349,-8.55351742119586
0.3075098727631251,-8.459169296233107
0.3314740832770209,-8.632621457048465
0.3554382937909167,-8.759229765520351
0.3794025043048124,-8.836120699558764
0.4033667148187082,-8.861899403649195
0.4298233456413985,-8.959526228201179
0.4562799732892928,-9.228931713487709
0.482736600937187,-9.552552342774508
0.5091932317598773,-9.855523885860873
0.5356498594077715,-10.10708741126139
0.5621064870556658,-10.29340048822629
0.588563117878356,-10.4074659816209
0.6150197455262503,-10.44583893030328
0.6412050169597376,-10.40820858027465
0.667390288393225,-10.29646748325244
0.6935755598267124,-10.11383501801001
0.7197608349261377,-9.867043825035077
0.7459461063596251,-9.570708049911445
0.7721313777931125,-9.265157139789952
0.7983166492266,-9.099089059981589
0.8222808597404957,-9.073183278730546
0.8462450702543914,-8.996180778020079
0.8702092807682872,-8.87053602463538
0.8941734912821829,-8.702030621213376
0.9206301176679383,-8.677664732150523
0.9470867472284892,-8.609102930465557
0.9735433736142446,-8.516000814749965
1,-8.459169296233107
0,1e+308
0,-8.965246060997725
0.02396421051389578,-9.10606143275732
0.04792842102779156,-9.391261493440748
0.07189263154168735,-9.687701760276744
0.09585684205558312,-9.950453518087482
0.1223134697034774,-9.914095572347947
0.1487701005261676,-9.806074815668001
0.1752267281740619,-9.629967912285414
0.2016833558219561,-9.392841386362575
0.2281399866446463,-9.108448143197782
0.2545966142925406,-8.806096747539744
0.2810532419404349,-8.553512523146843
0.3075098727631251,-8.459156506882893
0.3314740832770209,-8.244976524263308
0.3554382937909167,-8.004747900629686
0.3794025043048124,-7.778441437099287
0.4033667148187082,-7.671063957523579
0.4298233456413985,-7.816236960225318
0.4562799732892928,-8.046035732704855
0.482736600937187,-8.295267514659436
0.5091932317598773,-8.524052390992452
0.5356498594077715,-8.712741021730601
0.5621064870556658,-8.851806973649618
0.588563117878356,-8.936665672869555
0.6150197455262503,-8.965246060997725
0.6412050169597376,-8.937265955987977
0.667390288393225,-8.854173003438673
0.6935755598267124,-8.718162345650947
0.7197608349261377,-8.535452327965739
0.7459461063596251,-8.325569294903255
0.7721313777931125,-8.183483967879081
0.7983166492266,-8.234155645529366
0.8222808597404957,-8.24212966932908
0.8462450702543914,-8.323345036421859
0.8702092807682872,-8.505090954792212
0.8941734912821829,-8.70200150503311
0.9206301176679383,-8.677653575483316
0.9470867472284892,-8.609060480707411
0.9735433736142446,-8.515981766781566
1,-8.459156506882893
0,1e+308
0,-7.708352532576347
0.02396421051389578,-7.518923752208957
0.04792842102779156,-7.088894096482649
0.07189263154168735,-6.556105821403685
0.09585684205558312,-5.978908024342704
0.1223134697034774,-5.96711733190339
0.1487701005261676,-5.961426615287111
0.1752267281740619,-6.124440489419527
0.2016833558219561,-6.511224454033027
0.2281399866446463,-6.913692787940541
0.2545966142925406,-7.252508525847318
0.2810532419404349,-7.476012488998478
0.3075098727631251,-7.538536084700789
0.3314740832770209,-7.558741625351349
0.3554382937909167,-7.60350734434244
0.3794025043048124,-7.643735565146928
0.4033667148187082,-7.659316531183913
0.4298233456413985,-7.73456498611862
0.4562799732892928,-7.565253581519482
0.482736600937187,-7.240714295928159
0.5091932317598773,-7.141271383646194
0.5356498594077715,-7.375803304159183
0.5621064870556658,-7.556757371271786
0.588563117878356,-7.669871826815601
0.6150197455262503,-7.708352532576347
0.6412050169597376,-7.670682998155588
0.667390288393225,-7.559829808574632
0.6935755598267124,-7.382307369026123
0.7197608349261377,-7.151787494885744
0.7459461063596251,-7.383288611512533
0.7721313777931125,-7.719159533504742
0.7983166492266,-7.742285399824786
0.8222808597404957,-7.81342248683737
0.8462450702543914,-7.875737915456458
0.8702092807682872,-7.802555620865434
0.8941734912821829,-7.649767240397559
0.9206301176679383,-7.628988628012005
0.9470867472284892,-7.578339807923799
0.9735433736142446,-7.537231843093089
1,-7.538536084700789
0,1e+308
0,-4.907187688034426
0.02396421051389578,-4.919123145033577
0.04792842102779156,-5.030149671126969
0.07189263154168735,-5.418113249212068
0.09585684205558312,-5.978906663773534
0.1223134697034774,-5.967115699220384
0.1487701005261676,-5.961419812441255
0.1752267281740619,-6.124430693321493
0.2016833558219561,-6.511219283870174
0.2281399866446463,-6.913686529322352
0.2545966142925406,-7.252503899912135
0.2810532419404349,-7.4760094957463
0.3075098727631251,-7.538524928033583
0.3314740832770209,-7.55872257738295
0.3554382937909167,-7.603487480032538
0.3794025043048124,-7.643726313276561
0.4033667148187082,-7.659315442728577
0.4298233456413985,-7.348078169812153
0.4562799732892928,-6.971236156247874
0.482736600937187,-6.879679919224824
0.5091932317598773,-6.824137403940943
0.5356498594077715,-6.34327389071912
0.5621064870556658,-5.816917842454846
0.588563117878356,-5.274836607821419
0.6150197455262503,-4.907187688034426
0.6412050169597376,-5.269917333925323
0.667390288393225,-5.813619822783384
0.6935755598267124,-6.361859265600383
0.7197608349261377,-6.893890247878545
0.7459461063596251,-6.89525707566813
0.7721313777931125,-6.919508949034423
0.7983166492266,-7.104471797153625
0.8222808597404957,-7.153500723586365
0.8462450702543914,-7.285886825101496
0.8702092807682872,-7.46503296789915
0.8941734912821829,-7.649762614462375
0.9206301176679383,-7.628985906873661
0.9470867472284892,-7.578331644508772
0.9735433736142446,-7.537224496019563
1,-7.538524928033583
0,1e+308
0,-4.318806284498407
0.02396421051389578,-4.295557150611433
0.04792842102779156,-4.226193157343015
0.07189263154168735,-4.322569074598819
0.09585684205558312,-4.29123462235391
0.1223134697034774,-4.719849830369634
0.1487701005261676,-5.223821522512274
0.1752267281740619,-5.496802583581232
0.2016833558219561,-5.495600112547553
0.2281399866446463,-5.559398017335793
0.2545966142925406,-5.840568616361216
0.2810532419404349,-6.109169733153619
0.3075098727631251,-6.225096213060873
0.3314740832770209,-6.171784759104247
0.3554382937909167,-6.038823681057284
0.3794025043048124,-6.274143371120513
0.4033667148187082,-6.430383515576217
0.4298233456413985,-6.478214052682793
0.4562799732892928,-6.637948955112146
0.482736600937187,-6.535432789185833
0.5091932317598773,-6.046109801083942
0.5356498594077715,-5.512262186848131
0.5621064870556658,-4.953284860016645
0.588563117878356,-4.429716073756893
0.6150197455262503,-4.318806284498407
0.6412050169597376,-4.422468593894704
0.667390288393225,-4.947711152349106
0.6935755598267124,-5.514422498578472
0.7197608349261377,-6.051479423375772
0.7459461063596251,-6.529977178922373
0.7721313777931125,-6.668111140958979
0.7983166492266,-6.569467971235961
0.8222808597404957,-6.415303238994303
0.8462450702543914,-6.051596976552181
0.8702092807682872,-5.598686084842845
0.8941734912821829,-5.170338636840052
0.9206301176679383,-5.282394025340853
0.9470867472284892,-5.706938138281927
0.9735433736142446,-6.084881124419699
1,-6.225096213060873
0,1e+308
0,-4.318805196043069
0.02396421051389578,-4.295554701586926
0.04792842102779156,-4.226192341001513
0.07189263154168735,-4.224095703908391
0.09585684205558312,-4.291231901215568
0.1223134697034774,-4.719838401588595
0.1487701005261676,-5.223809277389732
0.1752267281740619,-5.496787073092678
0.2016833558219561,-5.495596575067708
0.2281399866446463,-5.559375704001383
0.2545966142925406,-5.840561541401524
0.2810532419404349,-6.109154766892733
0.3075098727631251,-6.225078797775479
0.3314740832770209,-6.171774963006213
0.3554382937909167,-6.038822320488114
0.3794025043048124,-5.894279805540398
0.4033667148187082,-5.828653023671969
0.4298233456413985,-5.803899372395266
0.4562799732892928,-5.586931583543491
0.482736600937187,-5.258579438906248
0.5091932317598773,-4.894129761468875
0.5356498594077715,-4.577515791300929
0.5621064870556658,-4.390876177734899
0.588563117878356,-4.326742212361323
0.6150197455262503,-4.318805196043069
0.6412050169597376,-4.328116115110598
0.667390288393225,-4.353362292427345
0.6935755598267124,-4.387448903992153
0.7197608349261377,-4.421231292290235
0.7459461063596251,-4.445743850709768
0.7721313777931125,-4.731017926356119
0.7983166492266,-4.852151304482304
0.8222808597404957,-4.950561544763179
0.8462450702543914,-5.010857616618083
0.8702092807682872,-5.010773261329454
0.8941734912821829,-5.170333194563366
0.9206301176679383,-5.282392664771681
0.9470867472284892,-5.706933512346746
0.9735433736142446,-6.084879763850529
1,-6.225078797775479
0,1e+308
0,-4.160905973539764
0.02396421051389578,-4.163323432843502
0.04792842102779156,-4.179304406216877
0.07189263154168735,-4.111859359707795
0.09585684205558312,-3.954468990074592
0.1223134697034774,-3.989846509669219
0.1487701005261676,-4.136617364805845
0.1752267281740619,-4.441112745364171
0.2016833558219561,-4.817161274987692
0.2281399866446463,-5.043385288026304
0.2545966142925406,-4.995506586771059
0.2810532419404349,-4.903128838082319
0.3075098727631251,-4.866975249832327
0.3314740832770209,-5.418484956709692
0.3554382937909167,-5.901546605484821
0.3794025043048124,-5.894254226839976
0.4033667148187082,-5.828652207330464
0.4298233456413985,-5.671033262076467
0.4562799732892928,-5.415675109256927
0.482736600937187,-5.090580439329838
0.5091932317598773,-4.711522330699191
0.5356498594077715,-4.291812592137919
0.5621064870556658,-3.851885339917377
0.588563117878356,-3.965677086794715
0.6150197455262503,-4.160905973539764
0.6412050169597376,-3.972083462795148
0.667390288393225,-3.633225003016387
0.6935755598267124,-3.878516576650606
0.7197608349261377,-4.085867046257455
0.7459461063596251,-4.435487608181953
0.7721313777931125,-4.530536426267977
0.7983166492266,-4.591658091496084
0.8222808597404957,-4.44900186964759
0.8462450702543914,-4.435466383302879
0.8702092807682872,-4.41638902660924
0.8941734912821829,-4.422897173183692
0.9206301176679383,-4.875579761386067
0.9470867472284892,-4.94009577458297
0.9735433736142446,-4.894721881172265
1,-4.866975249832327
0,1e+308
0,-3.468609738969239
0.02396421051389578,-3.73861115355284
0.04792842102779156,-4.15881858831701
0.07189263154168735,-4.111853645317275
0.09585684205558312,-3.954468717960758
0.1223134697034774,-3.989843516417041
0.1487701005261676,-4.136612466756828
0.1752267281740619,-4.441106486745982
0.2016833558219561,-4.817161002873856
0.2281399866446463,-5.043379573635784
0.2545966142925406,-4.995506586771059
0.2810532419404349,-4.903128293854651
0.3075098727631251,-4.866969535441807
0.3314740832770209,-4.265024617836147
0.3554382937909167,-3.753542583867406
0.3794025043048124,-4.021779340235707
0.4033667148187082,-4.127928497963479
0.4298233456413985,-4.376930887955764
0.4562799732892928,-4.416089701391533
0.482736600937187,-4.267434730066357
0.5091932317598773,-3.991823144561423
0.5356498594077715,-3.644187925171824
0.5621064870556658,-3.463276035703535
0.588563117878356,-3.446830019787374
0.6150197455262503,-3.468609738969239
0.6412050169597376,-3.447282545093779
0.667390288393225,-3.564410951807046
0.6935755598267124,-3.774042551686655
0.7197608349261377,-4.075399915508074
0.7459461063596251,-4.354145163928568
0.7721313777931125,-4.454977761562194
0.7983166492266,-4.453878693785542
0.8222808597404957,-4.375798622291327
0.8462450702543914,-4.365976673443024
0.8702092807682872,-4.378393499815012
0.8941734912821829,-4.422896084728356
0.9206301176679383,-4.875574319109381
0.9470867472284892,-4.940095502469136
0.9735433736142446,-4.894719704261592
1,-4.866969535441807
0,1e+308
0,-3.051019495063168
0.02396421051389578,-3.260996135284643
0.04792842102779156,-3.522866788499984
0.07189263154168735,-3.756780194267657
0.09585684205558312,-3.954468445846922
0.1223134697034774,-3.562517855861966
0.1487701005261676,-3.197066527400612
0.1752267281740619,-3.157604034925786
0.2016833558219561,-3.179089599052796
0.2281399866446463,-3.182511158405021
0.2545966142925406,-3.187002941467465
0.2810532419404349,-3.197538372789252
0.3075098727631251,-3.203510182996341
0.3314740832770209,-3.417798739035804
0.3554382937909167,-3.753533059883205
0.3794025043048124,-4.021774714300523
0.4033667148187082,-4.127923055686793
0.4298233456413985,-3.758856694937041
0.4562799732892928,-3.356230262891812
0.482736600937187,-3.002119006360204
0.5091932317598773,-3.128462820185169
0.5356498594077715,-3.27460645293378
0.5621064870556658,-3.381803248923529
0.588563117878356,-3.397496597974072
0.6150197455262503,-3.051019495063168
0.6412050169597376,-3.342241162785356
0.667390288393225,-3.490449323194646
0.6935755598267124,-3.663886517749123
0.7197608349261377,-4.061790142086604
0.7459461063596251,-4.223032283044029
0.7721313777931125,-4.320082226267342
0.7983166492266,-4.357107123014695
0.8222808597404957,-4.359196685148124
0.8462450702543914,-4.039460752959494
0.8702092807682872,-4.294691012276925
0.8941734912821829,-4.396015319609093
0.9206301176679383,-3.802624028270163
0.9470867472284892,-3.330065701384372
0.9735433736142446,-3.208677352595467
1,-3.203510182996341
0,1e+308
0,-3.051018406607831
0.02396421051389578,-3.260989876666455
0.04792842102779156,-3.522862162564802
0.07189263154168735,-3.7567638674376
0.09585684205558312,-3.954466813163917
0.1223134697034774,-3.56251050878844
0.1487701005261676,-3.197064350489937
0.1752267281740619,-3.157602130128947
0.2016833558219561,-3.179086333686785
0.2281399866446463,-3.182508709380512
0.2545966142925406,-3.186999131873787
0.2810532419404349,-3.197534835309405
0.3075098727631251,-3.203505012833491
0.3314740832770209,-3.417796834238963
0.3554382937909167,-3.626085008118738
0.3794025043048124,-2.973218612362924
0.4033667148187082,-2.489985259758365
0.4298233456413985,-2.559078771875511
0.4562799732892928,-2.734000075282147
0.482736600937187,-2.902412687886658
0.5091932317598773,-3.090338039319658
0.5356498594077715,-3.19896969155756
0.5621064870556658,-3.276889488003382
0.588563117878356,-3.190058235598754
0.6150197455262503,-3.051018406607831
0.6412050169597376,-3.261013006342369
0.667390288393225,-3.385973393433856
0.6935755598267124,-3.490242788794427
0.7197608349261377,-3.566190848397065
0.7459461063596251,-3.625789492494709
0.7721313777931125,-3.656576995932719
0.7983166492266,-3.665626413605503
0.8222808597404957,-3.785093910838233
0.8462450702543914,-4.00612463134963
0.8702092807682872,-4.174975619341167
0.8941734912821829,-4.39601504749526
0.9206301176679383,-3.80262076290415
0.9470867472284892,-3.330058354310847
0.9735433736142446,-3.20866429113142
1,-3.203505012833491
0,1e+308
0,-2.956806882789881
0.02396421051389578,-2.937167066800788
0.04792842102779156,-2.879837579967196
0.07189263154168735,-2.789906678876292
0.09585684205558312,-2.676473850146369
0.1223134697034774,-2.780021327504601
0.1487701005261676,-2.958938894681458
0.1752267281740619,-2.877574409207496
0.2016833558219561,-2.703141822247225
0.2281399866446463,-2.495531211814807
0.2545966142925406,-2.34980255266347
0.2810532419404349,-2.515322323095761
0.3075098727631251,-2.561503306138937
0.3314740832770209,-2.333165512835643
0.3554382937909167,-1.965420808978985
0.3794025043048124,-1.856672964133847
0.4033667148187082,-2.070287222091967
0.4298233456413985,-2.239624749619193
0.4562799732892928,-2.586364986607848
0.482736600937187,-2.876756435021653
0.5091932317598773,-2.761508334903255
0.5356498594077715,-3.062756853190962
0.5621064870556658,-3.215011074202147
0.588563117878356,-2.966788834572741
0.6150197455262503,-2.956806882789881
0.6412050169597376,-2.964669339917542
0.667390288393225,-3.272637981456606
0.6935755598267124,-3.272889414639479
0.7197608349261377,-3.126814354577105
0.7459461063596251,-2.952632384458205
0.7721313777931125,-2.783902487122923
0.7983166492266,-2.700591571392362
0.8222808597404957,-3.019086936610513
0.8462450702543914,-3.563684679983355
0.8702092807682872,-3.467303864678533
0.8941734912821829,-2.969220443795861
0.9206301176679383,-2.952401087699069
0.9470867472284892,-2.819677565029434
0.9735433736142446,-2.577581152037318
1,-2.561503306138937
0,1e+308
0,-2.956802528968535
0.02396421051389578,-2.937157814930421
0.04792842102779156,-2.879830777121338
0.07189263154168735,-2.789896338550589
0.09585684205558312,-2.676473305918702
0.1223134697034774,-2.780016701569418
0.1487701005261676,-2.958937534112287
0.1752267281740619,-2.877571688069153
0.2016833558219561,-2.703135563629038
0.2281399866446463,-2.495484136121476
0.2545966142925406,-2.349799015183623
0.2810532419404349,-2.515316880819075
0.3075098727631251,-2.561501945569766
0.3314740832770209,-2.333161975355798
0.3554382937909167,-1.96541917629598
0.3794025043048124,-1.856667521857161
0.4033667148187082,-1.871996510483607
0.4298233456413985,-2.195402986182828
0.4562799732892928,-2.356811932920665
0.482736600937187,-2.537121634473694
0.5091932317598773,-2.695512294561707
0.5356498594077715,-2.73376388047399
0.5621064870556658,-2.73573316829267
0.588563117878356,-2.808982402886926
0.6150197455262503,-2.956802528968535
0.6412050169597376,-2.809112745413545
0.667390288393225,-2.729559721734379
0.6935755598267124,-2.606392836924625
0.7197608349261377,-2.455895110713712
0.7459461063596251,-2.304645533978684
0.7721313777931125,-2.345278932282413
0.7983166492266,-2.420927938781178
0.8222808597404957,-2.295938435509422
0.8462450702543914,-2.088576537121535
0.8702092807682872,-2.453524999217141
0.8941734912821829,-2.969217450543685
0.9206301176679383,-2.9524005434714
0.9470867472284892,-2.819674571777254
0.9735433736142446,-2.577578975126645
1,-2.561501945569766
0,1e+308
0,-2.836509166248767
0.02396421051389578,-2.604710084973444
0.04792842102779156,-2.441252665291152
0.07189263154168735,-2.553686019907767
0.09585684205558312,-2.676464598276004
0.1223134697034774,-2.637954232107322
0.1487701005261676,-2.53832764298722
0.1752267281740619,-2.402269909506162
0.2016833558219561,-2.215527436910772
0.2281399866446463,-2.10814261026154
0.2545966142925406,-2.239042153900002
0.2810532419404349,-1.947401158759188
0.3075098727631251,-1.707126547887573
0.3314740832770209,-1.735920001147983
0.3554382937909167,-1.788611307676288
0.3794025043048124,-1.718063619228754
0.4033667148187082,-1.871994061459098
0.4298233456413985,-1.79288866503732
0.4562799732892928,-2.05818985736142
0.482736600937187,-2.349608807613462
0.5091932317598773,-2.590892960810253
0.5356498594077715,-2.658446308625379
0.5621064870556658,-2.703829453906449
0.588563117878356,-2.698793987403114
0.6150197455262503,-2.836509166248767
0.6412050169597376,-2.630967437298372
0.667390288393225,-2.642197031011401
0.6935755598267124,-2.385693823177215
0.7197608349261377,-1.915907792035061
0.7459461063596251,-2.155124152205166
0.7721313777931125,-2.188951439285904
0.7983166492266,-2.145064920093368
0.8222808597404957,-2.124248211771017
0.8462450702543914,-2.059230420663703
0.8702092807682872,-1.944463145690476
0.8941734912821829,-1.776558297500729
0.9206301176679383,-1.889875477851081
0.9470867472284892,-2.062702593189105
0.9735433736142446,-2.000836696624246
1,-1.707126547887573
0,1e+308
0,-2.836503723972081
0.02396421051389578,-2.604704098469089
0.04792842102779156,-2.441251032608147
0.07189263154168735,-2.553673230557557
0.09585684205558312,-2.6764534416088
0.1223134697034774,-2.637942803326283
0.1487701005261676,-2.538322200710534
0.1752267281740619,-2.402266916253985
0.2016833558219561,-2.215523355203259
0.2281399866446463,-2.10811975269946
0.2545966142925406,-2.239040793330831
0.2810532419404349,-1.947394628027166
0.3075098727631251,-1.70712056138322
0.3314740832770209,-1.735918912692647
0.3554382937909167,-1.788609130765613
0.3794025043048124,-1.687651088654384
0.4033667148187082,-1.706652253474426
0.4298233456413985,-1.618698803617228
0.4562799732892928,-1.644754247477121
0.482736600937187,-1.7072688634229
0.5091932317598773,-1.981184363398774
0.5356498594077715,-2.232622444321689
0.5621064870556658,-2.45759418949495
0.588563117878356,-2.534563492317638
0.6150197455262503,-2.836503723972081
0.6412050169597376,-2.583562214114775
0.667390288393225,-2.258347814100604
0.6935755598267124,-2.002028555218388
0.7197608349261377,-1.879440184420313
0.7459461063596251,-1.619315685679539
0.7721313777931125,-1.542478085952643
0.7983166492266,-1.525241307234068
0.8222808597404957,-1.413941306737226
0.8462450702543914,-1.792906080322714
0.8702092807682872,-1.585142541915431
0.8941734912821829,-1.77655203888254
0.9206301176679383,-1.889873573054241
0.9470867472284892,-2.062689259611225
0.9735433736142446,-2.000832887030566
1,-1.70712056138322
0,1e+308
0,-2.328916455313377
0.02396421051389578,-2.358316178196559
0.04792842102779156,-2.276691824010861
0.07189263154168735,-1.943466936943181
0.09585684205558312,-1.69881238179501
0.1223134697034774,-1.878809968780121
0.1487701005261676,-1.854281083530534
0.1752267281740619,-1.756900794112405
0.2016833558219561,-1.842861826475011
0.2281399866446463,-1.948842817853199
0.2545966142925406,-1.709659383457042
0.2810532419404349,-1.50451521281853
0.3075098727631251,-1.501415564132257
0.3314740832770209,-1.565562046742209
0.3554382937909167,-1.635595984270625
0.3794025043048124,-1.632217963131882
0.4033667148187082,-1.506596883650765
0.4298233456413985,-1.574065059835763
0.4562799732892928,-1.497110451160126
0.482736600937187,-1.691646263969269
0.5091932317598773,-1.716346036706783
0.5356498594077715,-1.81410837394824
0.5621064870556658,-2.123315133433273
0.588563117878356,-2.47114164884837
0.6150197455262503,-2.328916455313377
0.6412050169597376,-2.473941428089269
0.667390288393225,-2.138921133943016
0.6935755598267124,-1.789473364303284
0.7197608349261377,-1.750182847771723
0.7459461063596251,-1.481365672594904
0.7721313777931125,-1.258691112410627
0.7983166492266,-1.170269082530801
0.8222808597404957,-1.241615697195778
0.8462450702543914,-1.338965237750633
0.8702092807682872,-1.562333688212322
0.8941734912821829,-1.222160918613994
0.9206301176679383,-1.14306531829025
0.9470867472284892,-1.096673719139341
0.9735433736142446,-1.282105147281173
1,-1.501415564132257
0,1e+308
0,-2.328911829378193
0.02396421051389578,-2.358311280147542
0.04792842102779156,-2.276689374986352
0.07189263154168735,-1.943444895722605
0.09585684205558312,-1.698812109681176
0.1223134697034774,-1.878790376584053
0.1487701005261676,-1.854278634506025
0.1752267281740619,-1.756892358583543
0.2016833558219561,-1.842858016881331
0.2281399866446463,-1.948836831348844
0.2545966142925406,-1.709656934432536
0.2810532419404349,-1.504503784037491
0.3075098727631251,-1.501413931449251
0.3314740832770209,-1.470299347182441
0.3554382937909167,-1.507564248331628
0.3794025043048124,-1.632216330448877
0.4033667148187082,-1.506592801943252
0.4298233456413985,-1.296201732352167
0.4562799732892928,-1.273013007736405
0.482736600937187,-1.426520040840612
0.5091932317598773,-1.532040343497365
0.5356498594077715,-1.62982227293489
0.5621064870556658,-1.898039981334792
0.588563117878356,-2.283333306364111
0.6150197455262503,-2.328911829378193
0.6412050169597376,-2.285509672810674
0.667390288393225,-2.053148132239896
0.6935755598267124,-1.713213734360397
0.7197608349261377,-1.543531710718971
0.7459461063596251,-1.305325981329381
0.7721313777931125,-1.098280279216925
0.7983166492266,-1.048238272979162
0.8222808597404957,-1.201266657848872
0.8462450702543914,-0.8723237540774091
0.8702092807682872,-0.8999073892306138
0.8941734912821829,-1.222157109020313
0.9206301176679383,-1.143057154875221
0.9470867472284892,-1.096670181659496
0.9735433736142446,-1.282103242484333
1,-1.501413931449251
0,1e+308
0,-2.074095455202703
0.02396421051389578,-1.834002888486221
0.04792842102779156,-1.667129623842224
0.07189263154168735,-1.757889383672342
0.09585684205558312,-1.621329055939369
0.1223134697034774,-1.575990537327122
0.1487701005261676,-1.449815161965577
0.1752267281740619,-1.204465355970823
0.2016833558219561,-0.8879539727184014
0.2281399866446463,-0.6767686028450575
0.2545966142925406,-0.6621511918952514
0.2810532419404349,-0.867303253834959
0.3075098727631251,-1.036846227307068
0.3314740832770209,-0.9895041345330222
0.3554382937909167,-0.8858352944047034
0.3794025043048124,-0.8294805193255002
0.4033667148187082,-0.9832180328473399
0.4298233456413985,-1.063289977608478
0.4562799732892928,-1.075938372853439
0.482736600937187,-1.08587841910582
0.5091932317598773,-1.403540571763409
0.5356498594077715,-1.525610565707183
0.5621064870556658,-1.796882207669201
0.588563117878356,-1.982457311915533
0.6150197455262503,-2.074095455202703
0.6412050169597376,-1.983361818300676
0.667390288393225,-1.769876542300006
0.6935755598267124,-1.554144150255857
0.7197608349261377,-1.383298839972889
0.7459461063596251,-0.9906627952393823
0.7721313777931125,-0.8774130991199307
0.7983166492266,-1.017646419388002
0.8222808597404957,-0.7410228425333827
0.8462450702543914,-0.7752827906106266
0.8702092807682872,-0.762602013819385
0.8941734912821829,-0.6695371776990893
0.9206301176679383,-0.7287711892588007
0.9470867472284892,-0.865620501883777
0.9735433736142446,-0.9664462966715472
1,-1.036846227307068
0,1e+308
0,-1.309564154298279
0.02396421051389578,-1.456441678057942
0.04792842102779156,-1.541326772319809
0.07189263154168735,-1.55783455807635
0.09585684205558312,-1.621328239597867
0.1223134697034774,-1.575956523097837
0.1487701005261676,-1.44981080814423
0.1752267281740619,-1.204462906946314
0.2016833558219561,-0.8879517958077265
0.2281399866446463,-0.676764793251377
0.2545966142925406,-0.6621476544154055
0.2810532419404349,-0.8672940019645932
0.3075098727631251,-1.036844866737896
0.3314740832770209,-0.9895008691670109
0.3554382937909167,-0.8858314848110229
0.3794025043048124,-0.7933163186359709
0.4033667148187082,-0.7587001735496575
0.4298233456413985,-0.8155692437756485
0.4562799732892928,-0.9007201932536058
0.482736600937187,-0.8928166469369687
0.5091932317598773,-0.8111928369789379
0.5356498594077715,-1.288167299281243
0.5621064870556658,-1.233245475653353
0.588563117878356,-1.107411331039995
0.6150197455262503,-1.309564154298279
0.6412050169597376,-1.111094119673129
0.667390288393225,-1.233272414922947
0.6935755598267124,-1.362866356384538
0.7197608349261377,-0.8771320055291207
0.7459461063596251,-0.5387483843911776
0.7721313777931125,-0.6204568217516693
0.7983166492266,-0.3823017055352542
0.8222808597404957,-0.6232525192850531
0.8462450702543914,-0.5260126406054129
0.8702092807682872,-0.5326590210076798
0.8941734912821829,-0.6695347286745808
0.9206301176679383,-0.7287657469821145
0.9470867472284892,-0.8656077125335653
0.9735433736142446,-0.9664424870778676
1,-1.036844866737896
0,1e+308
0,-0.8906585121173007
0.02396421051389578,-0.9442807200726744
0.04792842102779156,-1.097649247235232
0.07189263154168735,-1.331495985113506
0.09585684205558312,-1.621327695370199
0.1223134697034774,-1.325992210701377
0.1487701005261676,-1.025190775443391
0.1752267281740619,-0.7816037228670956
0.2016833558219561,-0.5759779107419085
0.2281399866446463,-0.4063043226293459
0.2545966142925406,-0.2089983909872428
0.2810532419404349,0.0001752413092752647
0.3075098727631251,0.07592465781288915
0.3314740832770209,-0.009389015737966133
0.3554382937909167,-0.3273948481682494
0.3794025043048124,-0.7933130532699604
0.4033667148187082,-0.7586974524113144
0.4298233456413985,-0.6594714148552709
0.4562799732892928,-0.5655839786139492
0.482736600937187,-0.5781629848311694
0.5091932317598773,-0.8064058104063001
0.5356498594077715,-0.8087073492166326
0.5621064870556658,-0.8449959059284264
0.588563117878356,-0.9878853293328955
0.6150197455262503,-0.8906585121173007
0.6412050169597376,-0.9863756417803149
0.667390288393225,-0.8389748431173318
0.6935755598267124,-0.7722819192461961
0.7197608349261377,-0.6742899179286086
0.7459461063596251,-0.5174943891371395
0.7721313777931125,-0.3580424850954369
0.7983166492266,-0.1780174146130635
0.8222808597404957,-0.1773659740937994
0.8462450702543914,-0.3649754013652
0.8702092807682872,-0.3705521022849165
0.8941734912821829,-0.2768869830462011
0.9206301176679383,-0.2316831607819205
0.9470867472284892,-0.1083764094613473
0.9735433736142446,0.02675776966616805
1,0.07592465781288915
0,1e+308
0,-0.8906484439054321
0.02396421051389578,-0.9442752777959882
0.04792842102779156,-1.097646526096889
0.07189263154168735,-1.33149054283682
0.09585684205558312,-1.621324157890352
0.1223134697034774,-1.325989217449199
0.1487701005261676,-1.025186421622042
0.1752267281740619,-0.7815971921350728
0.2016833558219561,-0.5759724684652232
0.2281399866446463,-0.4062950707589801
0.2545966142925406,-0.2089943092797286
0.2810532419404349,0.0001812278136297252
0.3075098727631251,0.07592710683739767
0.3314740832770209,0.221146368890965
0.3554382937909167,-0.03742408774223982
0.3794025043048124,-0.03858465324544103
0.4033667148187082,-0.03613209125708305
0.4298233456413985,-0.0427275863723402
0.4562799732892928,-0.0865800913355903
0.482736600937187,0.02369322366451598
0.5091932317598773,0.146940926283051
0.5356498594077715,-0.2741963214528491
0.5621064870556658,-0.7075373304284991
0.588563117878356,-0.8780177360596992
0.6150197455262503,-0.8906484439054321
0.6412050169597376,-0.8778629032879941
0.667390288393225,-0.7208989360331062
0.6935755598267124,-0.3159372230620932
0.7197608349261377,-0.04194988503397035
0.7459461063596251,-0.5085715043972927
0.7721313777931125,-0.1731996391771515
0.7983166492266,-0.04027175901797175
0.8222808597404957,0.00584663784332129
0.8462450702543914,-0.122919533334394
0.8702092807682872,-0.2358416043973737
0.8941734912821829,-0.2768829013386869
0.9206301176679383,-0.2316720041147153
0.9470867472284892,-0.1083712392984957
0.9735433736142446,0.02676185137368226
1,0.07592710683739767
0,1e+308
0,-0.2507175234897439
0.02396421051389578,0.001324105917602125
0.04792842102779156,0.09570570088197528
0.07189263154168735,0.4183785576839778
0.09585684205558312,0.9327801009807013
0.1223134697034774,0.9917175084610479
0.1487701005261676,0.9430426021267042
0.1752267281740619,0.7009434679962476
0.2016833558219561,0.6711113562303943
0.2281399866446463,0.7671558388360467
0.2545966142925406,0.5712523818958175
0.2810532419404349,0.4459978397494746
0.3075098727631251,0.4934120426896032
0.3314740832770209,0.3892550303425884
0.3554382937909167,0.4717479718873063
0.3794025043048124,0.4628142025940889
0.4033667148187082,0.4636163941775431
0.4298233456413985,0.08209511111900181
0.4562799732892928,-0.04094143116413296
0.482736600937187,0.04302527890704155
0.5091932317598773,0.2206391487038681
0.5356498594077715,0.5496936191473862
0.5621064870556658,0.3436941947277337
0.588563117878356,-0.08075658316818313
0.6150197455262503,-0.2507175234897439
0.6412050169597376,-0.08409650837012528
0.667390288393225,0.3297682250308318
0.6935755598267124,0.4545008528430277
0.7197608349261377,0.03642515785660194
0.7459461063596251,0.305304374987637
0.7721313777931125,0.1895381701287722
0.7983166492266,0.0158590663756204
0.8222808597404957,0.138473832215622
0.8462450702543914,0.4866949126904236
0.8702092807682872,0.79037830556726
0.8941734912821829,0.9554779322394245
0.9206301176679383,0.659777815032669
0.9470867472284892,0.4473518781888464
0.9735433736142446,0.4194329987918097
1,0.4934120426896032
0,1e+308
0,0.401883017049979
0.02396421051389578,0.2012483168731398
0.04792842102779156,0.5195738830587002
0.07189263154168735,1.035614912206955
0.09585684205558312,0.932786631712724
0.1223134697034774,0.9917275766729166
0.1487701005261676,0.9430578405014227
0.1752267281740619,0.7009489102729329
0.2016833558219561,0.6711195196454227
0.2281399866446463,0.7671678118447547
0.2545966142925406,0.5712589126278402
0.2810532419404349,0.4460220578807252
0.3075098727631251,0.4934188455354605
0.3314740832770209,0.4865057935755992
0.3554382937909167,0.4717596727821798
0.3794025043048124,0.4628185564154368
0.4033667148187082,0.4636182989743842
0.4298233456413985,0.6774586835287888
0.4562799732892928,0.7773903122571175
0.482736600937187,0.5215605861627717
0.5091932317598773,0.41149679881506
0.5356498594077715,0.8519786190298619
0.5621064870556658,0.6394903681179898
0.588563117878356,0.4654352030458657
0.6150197455262503,0.401883017049979
0.6412050169597376,0.4641170836326172
0.667390288393225,0.6319198891345108
0.6935755598267124,0.8174930885840022
0.7197608349261377,0.8210683922525952
0.7459461063596251,0.5039047521394062
0.7721313777931125,0.4721055294655496
0.7983166492266,0.1860850455717698
0.8222808597404957,0.3427352655757341
0.8462450702543914,0.5452217003948432
0.8702092807682872,0.812775451039105
0.8941734912821829,0.9554825581746069
0.9206301176679383,0.6597813525125149
0.9470867472284892,0.44735840892087
0.9735433736142446,0.4194528631017125
1,0.4934188455354605
0,1e+308
0,1.230214943880987
0.02396421051389578,1.519510589884149
0.04792842102779156,1.68838661234844
0.07189263154168735,1.792944176259514
0.09585684205558312,1.840900974185196
0.1223134697034774,1.592146752009775
0.1487701005261676,1.429333425773223
0.1752267281740619,1.447056199799821
0.2016833558219561,1.304110720945491
0.2281399866446463,1.171075083707936
0.2545966142925406,1.197327810097681
0.2810532419404349,1.086475164744395
0.3075098727631251,0.9781861038238509
0.3314740832770209,0.4865112358522854
0.3554382937909167,0.5120659902571045
0.3794025043048124,0.7452901316825482
0.4033667148187082,0.6913762176968277
0.4298233456413985,0.8007112841963409
0.4562799732892928,0.8792792557954163
0.482736600937187,1.043727986175987
0.5091932317598773,0.9949619217071577
0.5356498594077715,0.8743003889696119
0.5621064870556658,0.9575108946953241
0.588563117878356,1.292963577724247
0.6150197455262503,1.230214943880987
0.6412050169597376,1.290108015147322
0.667390288393225,0.9484993008455032
0.6935755598267124,0.8513530293248541
0.7197608349261377,0.9474927517725043
0.7459461063596251,0.7850233774224815
0.7721313777931125,0.4771605881649519
0.7983166492266,0.5464742403740299
0.8222808597404957,0.4999925715439746
0.8462450702543914,0.5828400774147591
0.8702092807682872,0.8384842218741273
0.8941734912821829,0.9570491175185527
0.9206301176679383,1.072219393080347
0.9470867472284892,0.9937907437644213
0.9735433736142446,0.9632228361906776
1,0.9781861038238509
0,1e+308
0,1.559409008721489
0.02396421051389578,1.591739669713693
0.04792842102779156,1.688392326738959
0.07189263154168735,1.847189252781551
0.09585684205558312,1.840903967437372
0.1223134697034774,1.592158725018483
0.1487701005261676,1.429336691139234
0.1752267281740619,1.44706626801169
0.2016833558219561,1.304118068019016
0.2281399866446463,1.171082702895296
0.2545966142925406,1.197334885057373
0.2810532419404349,1.086479790679578
0.3075098727631251,0.9781885528483594
0.3314740832770209,0.9437563567140179
0.3554382937909167,0.8530496590815844
0.3794025043048124,0.7452925807070567
0.4033667148187082,0.6913773061521651
0.4298233456413985,0.9145403106689729
0.4562799732892928,1.059085546755031
0.482736600937187,1.210135391935697
0.5091932317598773,1.420349587534498
0.5356498594077715,0.8873996768379735
0.5621064870556658,1.249099099752288
0.588563117878356,1.356646922588255
0.6150197455262503,1.559409008721489
0.6412050169597376,1.363231805263975
0.667390288393225,1.347119945136309
0.6935755598267124,1.110930307144892
0.7197608349261377,0.9620413179222371
0.7459461063596251,0.9489055668000814
0.7721313777931125,0.6776265777645394
0.7983166492266,0.6421845671911877
0.8222808597404957,0.5768075858226256
0.8462450702543914,0.6612616517709933
0.8702092807682872,0.8712635985790573
0.8941734912821829,0.9570559203644091
0.9206301176679383,1.072228372836878
0.9470867472284892,0.9937964581549412
0.9735433736142446,0.9632255573290189
1,0.9781885528483594
0,1e+308
0,1.559414723112009
0.02396421051389578,1.59174837735639
0.04792842102779156,1.932677623414014
0.07189263154168735,1.847198776765751
0.09585684205558312,2.064121122607201
0.1223134697034774,2.039360124256974
0.1487701005261676,1.99431249533357
0.1752267281740619,1.989757309747738
0.2016833558219561,1.903859952022354
0.2281399866446463,1.699571851506482
0.2545966142925406,1.435823884948448
0.2810532419404349,1.180737029621684
0.3075098727631251,1.066746911759159
0.3314740832770209,0.9437713229749036
0.3554382937909167,0.8530638090009672
0.3794025043048124,0.8123095921548194
0.4033667148187082,0.9940253058895694
0.4298233456413985,1.038124618100511
0.4562799732892928,1.35474647956965
0.482736600937187,1.596289957250508
0.5091932317598773,1.477248046054592
0.5356498594077715,1.549837676714556
0.5621064870556658,1.481898199368588
0.588563117878356,1.504256432562131
0.6150197455262503,1.559414723112009
0.6412050169597376,1.504023775233822
0.667390288393225,1.397747268231607
0.6935755598267124,1.35470511826684
0.7197608349261377,1.423416582560658
0.7459461063596251,1.21188943771146
0.7721313777931125,1.52345460779819
0.7983166492266,1.597278818924278
0.8222808597404957,1.629363489010295
0.8462450702543914,1.460595767852047
0.8702092807682872,1.230293040551424
0.8941734912821829,1.412596792282052
0.9206301176679383,1.516806322599083
0.9470867472284892,1.587230743479688
0.9735433736142446,1.298352247984476
1,1.066746911759159
0,1e+308
0,2.188471430482236
0.02396421051389578,2.247542173741379
0.04792842102779156,2.248900293888266
0.07189263154168735,2.072713933266067
0.09585684205558312,2.064123843745545
0.1223134697034774,2.039364205964488
0.1487701005261676,1.994322835659273
0.1752267281740619,1.98976765007344
0.2016833558219561,1.903864577957536
0.2281399866446463,1.699580559149179
0.2545966142925406,1.435829327225134
0.2810532419404349,1.180740022873861
0.3075098727631251,1.06675779631253
0.3314740832770209,1.714209670993858
0.3554382937909167,2.246889372652944
0.3794025043048124,2.074921592803574
0.4033667148187082,1.848244238117052
0.4298233456413985,1.781484102128849
0.4562799732892928,1.674191522069435
0.482736600937187,1.6437221197037
0.5091932317598773,1.517540485723968
0.5356498594077715,1.551400154350986
0.5621064870556658,1.786511405217155
0.588563117878356,2.056546561916208
0.6150197455262503,2.188471430482236
0.6412050169597376,2.057782502951504
0.667390288393225,1.791341697889444
0.6935755598267124,1.615857390959685
0.7197608349261377,1.616297943257383
0.7459461063596251,1.962898585849052
0.7721313777931125,2.124840603588242
0.7983166492266,2.015710710919776
0.8222808597404957,2.080447680550114
0.8462450702543914,1.990393239778448
0.8702092807682872,1.896436686623219
0.8941734912821829,1.412626452689988
0.9206301176679383,1.516827275364323
0.9470867472284892,1.587234825187203
0.9735433736142446,1.298356057578156
1,1.06675779631253
0,1e+308
0,2.188479049669595
0.02396421051389578,2.247558500571436
0.04792842102779156,2.412439891948509
0.07189263154168735,2.331475413810936
0.09585684205558312,2.064127109111555
0.1223134697034774,2.190359628378298
0.1487701005261676,2.24254398683334
0.1752267281740619,2.175255677892802
0.2016833558219561,2.016647054623531
0.2281399866446463,1.900178523958391
0.2545966142925406,2.110439251022855
0.2810532419404349,2.546132956209682
0.3075098727631251,2.772519149093525
0.3314740832770209,2.807166587270781
0.3554382937909167,2.504386340209917
0.3794025043048124,2.263051573839951
0.4033667148187082,2.121942591253169
0.4298233456413985,2.012078263345985
0.4562799732892928,1.910925659843245
0.482736600937187,1.667134794005075
0.5091932317598773,1.563472212494945
0.5356498594077715,1.788851584191955
0.5621064870556658,2.021569865999474
0.588563117878356,2.153669703760943
0.6150197455262503,2.188479049669595
0.6412050169597376,2.156153558840242
0.667390288393225,2.044419264663891
0.6935755598267124,1.807724311282218
0.7197608349261377,1.685454857897916
0.7459461063596251,2.166789128053041
0.7721313777931125,2.182492001087786
0.7983166492266,2.118029866430071
0.8222808597404957,2.095169583212282
0.8462450702543914,2.289885807493552
0.8702092807682872,1.93367002256763
0.8941734912821829,2.066098301727073
0.9206301176679383,2.165014129512039
0.9470867472284892,2.323859763930967
0.9735433736142446,2.596994297202459
1,2.772519149093525
0,1e+308
0,2.891370308491612
0.02396421051389578,2.680280450574101
0.04792842102779156,2.412461933169085
0.07189263154168735,2.331488747388816
0.09585684205558312,2.064139898461767
0.1223134697034774,2.190379764802035
0.1487701005261676,2.242553238703706
0.1752267281740619,2.175259759600316
0.2016833558219561,2.016653313241719
0.2281399866446463,1.900187775828757
0.2545966142925406,2.110448230779386
0.2810532419404349,2.546139759055539
0.3075098727631251,2.772525679825548
0.3314740832770209,2.807177471824152
0.3554382937909167,2.62728219964073
0.3794025043048124,2.26307633619887
0.4033667148187082,2.121957557514055
0.4298233456413985,2.333074082587326
0.4562799732892928,2.555626191546177
0.482736600937187,2.324478278676283
0.5091932317598773,2.5195822651714
0.5356498594077715,2.712162395853579
0.5621064870556658,2.738032802306162
0.588563117878356,2.948946330459061
0.6150197455262503,2.891370308491612
0.6412050169597376,2.956115441536978
0.667390288393225,2.717044934382048
0.6935755598267124,2.652911785349976
0.7197608349261377,2.645018307245208
0.7459461063596251,2.367248042692937
0.7721313777931125,2.409710862304524
0.7983166492266,2.52847167990963
0.8222808597404957,2.524091463519239
0.8462450702543914,2.432057122489359
0.8702092807682872,2.370687833672059
0.8941734912821829,2.066151363924758
0.9206301176679383,2.165018755447222
0.9470867472284892,2.323873097508847
0.9735433736142446,2.59701089614635
1,2.772525679825548
0,1e+308
0,3.205430218211014
0.02396421051389578,2.946872278814186
0.04792842102779156,2.635003973916068
0.07189263154168735,2.64990547170886
0.09585684205558312,2.913816434453628
0.1223134697034774,2.898839289014906
0.1487701005261676,2.853647711873168
0.1752267281740619,2.853401720966979
0.2016833558219561,2.964743082766632
0.2281399866446463,3.066468758004363
0.2545966142925406,3.183550361138134
0.2810532419404349,3.273192005223198
0.3075098727631251,3.31449970160827
0.3314740832770209,2.947120990858716
0.3554382937909167,2.627290090941924
0.3794025043048124,2.605044512875772
0.4033667148187082,2.734278719848447
0.4298233456413985,2.714238080181459
0.4562799732892928,2.686585872342016
0.482736600937187,2.657767112495018
0.5091932317598773,2.678280413892149
0.5356498594077715,2.740857071792145
0.5621064870556658,2.762017459887191
0.588563117878356,3.046838465999468
0.6150197455262503,3.205430218211014
0.6412050169597376,3.007882649484071
0.667390288393225,2.742598056103863
0.6935755598267124,2.711117206616112
0.7197608349261377,2.78271443812246
0.7459461063596251,2.616114103654246
0.7721313777931125,2.630711650294149
0.7983166492266,2.823756007177607
0.8222808597404957,2.818495774647158
0.8462450702543914,2.684843799574961
0.8702092807682872,2.777434069168274
0.8941734912821829,2.999787807141936
0.9206301176679383,2.996746118702364
0.9470867472284892,3.072240564543257
0.9735433736142446,3.231900635668183
1,3.31449970160827
0,1e+308
0,3.205441646992054
0.02396421051389578,2.946899218083779
0.04792842102779156,2.635011048875759
0.07189263154168735,2.649920165855912
0.09585684205558312,2.913818339250468
0.1223134697034774,2.898847452429934
0.1487701005261676,2.853653154149853
0.1752267281740619,2.853411244951179
0.2016833558219561,2.964750429840158
0.2281399866446463,3.06647746564706
0.2545966142925406,3.183558524553162
0.2810532419404349,3.273208604167089
0.3075098727631251,3.314522014942681
0.3314740832770209,3.185198282518527
0.3554382937909167,2.989245572974294
0.3794025043048124,3.134184013550886
0.4033667148187082,3.216271233368694
0.4298233456413985,3.030187004138427
0.4562799732892928,2.926941301022412
0.482736600937187,2.940135284505103
0.5091932317598773,2.974513057872589
0.5356498594077715,2.894477032137577
0.5621064870556658,3.067402380569775
0.588563117878356,3.065723166098438
0.6150197455262503,3.205441646992054
0.6412050169597376,3.130094686849339
0.667390288393225,3.110920185516862
0.6935755598267124,2.945695386480928
0.7197608349261377,2.860602397249673
0.7459461063596251,2.874151217172265
0.7721313777931125,2.940883053321703
0.7983166492266,2.981108552987846
0.8222808597404957,2.905447845594208
0.8462450702543914,2.996778772362477
0.8702092807682872,3.090015312312203
0.8941734912821829,2.999800324378313
0.9206301176679383,2.996763533987758
0.9470867472284892,3.072274578772542
0.9735433736142446,3.231908254855543
1,3.314522014942681
0,1e+308
0,3.219057951145546
0.02396421051389578,3.345711702627753
0.04792842102779156,3.311102360387295
0.07189263154168735,3.151215074210747
0.09585684205558312,2.913822693071816
0.1223134697034774,2.977922644216106
0.1487701005261676,3.122916596014891
0.1752267281740619,3.187063078624842
0.2016833558219561,3.267728503658542
0.2281399866446463,3.515021746657718
0.2545966142925406,3.717981115320804
0.2810532419404349,3.709139320503573
0.3075098727631251,3.608677886139903
0.3314740832770209,3.185217602600762
0.3554382937909167,2.98926244403202
0.3794025043048124,3.13421285761732
0.4033667148187082,3.216287015971082
0.4298233456413985,3.279195380635064
0.4562799732892928,2.931701660439291
0.482736600937187,3.074961974999883
0.5091932317598773,2.99201024953057
0.5356498594077715,3.028302071608375
0.5621064870556658,3.271991438986359
0.588563117878356,3.232622281556691
0.6150197455262503,3.219057951145546
0.6412050169597376,3.206628063309511
0.667390288393225,3.170666587426521
0.6935755598267124,2.958806375244165
0.7197608349261377,2.897058576083383
0.7459461063596251,3.207480595952307
0.7721313777931125,3.382520540990688
0.7983166492266,3.419054000153333
0.8222808597404957,3.463032493821854
0.8462450702543914,3.635245992463578
0.8702092807682872,3.84366124350396
0.8941734912821829,4.080786136743795
0.9206301176679383,3.800769844603384
0.9470867472284892,3.708311278105862
0.9735433736142446,3.682407129537828
1,3.608677886139903
0,1e+308
0,3.219089516350322
0.02396421051389578,3.345720410270449
0.04792842102779156,3.311122768924866
0.07189263154168735,3.151222693398106
0.09585684205558312,2.913837659332701
0.1223134697034774,2.977930807631135
0.1487701005261676,3.122934011300285
0.1752267281740619,3.187085664073087
0.2016833558219561,3.267741020894919
0.2281399866446463,3.515033447552592
0.2545966142925406,3.718079076301145
0.2810532419404349,3.709171702049853
0.3075098727631251,3.608683328416588
0.3314740832770209,3.513393417473392
0.3554382937909167,3.530783396280667
0.3794025043048124,3.480752002482441
0.4033667148187082,3.452574887056674
0.4298233456413985,3.4217011235332
0.4562799732892928,3.191094717193522
0.482736600937187,3.336659835930458
0.5091932317598773,3.092417261127385
0.5356498594077715,3.092831418383158
0.5621064870556658,3.327790013388296
0.588563117878356,3.234743408894897
0.6150197455262503,3.219089516350322
0.6412050169597376,3.216342255079441
0.667390288393225,3.38412193090542
0.6935755598267124,3.426566791003945
0.7197608349261377,3.440712900792779
0.7459461063596251,3.419526117655807
0.7721313777931125,3.418459431425433
0.7983166492266,3.463507060348837
0.8222808597404957,3.528467979664786
0.8462450702543914,3.639244705258309
0.8702092807682872,3.872647897586708
0.8941734912821829,4.080840015282982
0.9206301176679383,3.800778008018413
0.9470867472284892,3.70833087030193
0.9735433736142446,3.682417741977365
1,3.608683328416588
0,1e+308
