-12.71787521213962,0,-12.71787521213962,0
-12.70517385918564,0,-12.70517385918564,0
-11.40963585788032,0.0001004567262246317,-11.21911556357071,0.0001009061127851932
-11.39693450492635,0.0001269586831888706,-11.20641421061674,0.0001224625018451819
-11.38423315197237,0.0001598536560577247,-11.19371285766277,0.0001485066443795157
-11.3715317990184,0.0002005213846302389,-11.18101150470879,0.000179053566453916
-11.35883044606443,0.0002532172422185192,-11.16831015175482,0.0002151590744312136
-11.34612909311045,0.0003155095212017128,-11.15560879880085,0.0002581554713700893
-11.33342774015648,0.0003916827326734883,-11.14290744584687,0.0003082201947727341
-11.32072638720251,0.0004844641240212935,-11.1302060928929,0.0003667934323315132
-11.30802503424853,0.0005970306260486534,-11.11750473993893,0.0004350854148410904
-11.29532368129456,0.0007330642180089554,-11.10480338698495,0.0005144369287230394
-11.28262232834058,0.000897246860726445,-11.09210203403098,0.0006063268569996333
-11.26992097538661,0.001096339169491729,-11.079400681077,0.0007123791903869813
-11.25721962243264,0.001331871173251165,-11.06669932812303,0.0008343693389163314
-11.24451826947866,0.001614785466189143,-11.05399797516906,0.0009742295629336646
-11.23181691652469,0.001947947279286586,-11.04129662221508,0.001134053331659695
-11.21911556357071,0.002341469972744468,-11.02859526926111,0.001316098407724167
-11.20641421061674,0.002804491301867703,-11.01589391630713,0.001523345239154538
-11.19371285766277,0.003349793966825365,-11.00319256335316,0.001758629623707058
-11.18101150470879,0.003984275189100753,-10.99049121039919,0.002023178359248979
-11.16831015175482,0.004722328274746012,-10.97778985744521,0.002320825282551497
-11.15560879880085,0.005580177912314319,-10.96508850449124,0.002654692973322788
-11.14290744584687,0.006568305334718049,-10.95238715153727,0.003028145361054242
-11.1302060928929,0.007704748692958788,-10.93968579858329,0.003444475689126801
-11.11750473993893,0.009006820183186076,-10.92698444562932,0.00390794234044602
-11.10480338698495,0.01049302694794644,-10.91428309267534,0.00442120196796652
-11.09210203403098,0.01218302650658786,-10.90158173972137,0.004988542382168579
-11.079400681077,0.01409755974818038,-10.8888803867674,0.005615203951912144
-11.06669932812303,0.01625836010445195,-10.87617903381342,0.006302967683495377
-11.05399797516906,0.01868803791022755,-10.86347768085945,0.007057480480706412
-11.04129662221508,0.02140993941387993,-10.85077632790548,0.007881858963306888
-11.02859526926111,0.02444798041062982,-10.8380749749515,0.008780658253539551
-11.01589391630713,0.0278290386470259,-10.82537362199753,0.009758643193065499
-11.00319256335316,0.03157845317736224,-10.81267226904356,0.01081872722363093
-10.99049121039919,0.03571396067471517,-10.79997091608958,0.01196537607732612
-10.97778985744521,0.04026368693021942,-10.78726956313561,0.01320243306091147
-10.96508850449124,0.04525133678632126,-10.77456821018163,0.01453358682017067
-10.95238715153727,0.0507002335174111,-10.76186685722766,0.0159623356598505
-10.93968579858329,0.05663141116068401,-10.74916550427369,0.01749195186063915
-10.92698444562932,0.06306815816268507,-10.73646415131971,0.01912544660799137
-10.91428309267534,0.07002491712607017,-10.72376279836574,0.02086628113962895
-10.90158173972137,0.07752043284451317,-10.71106144541176,0.02271590423884718
-10.8888803867674,0.08557446783010017,-10.69836009245779,0.0246776641135774
-10.87617903381342,0.09419065582769473,-10.68565873950382,0.02675168995419066
-10.86347768085945,0.1033850791628437,-10.67295738654984,0.02894143124535566
-10.85077632790548,0.1131601716951151,-10.66025603359587,0.03124510063220061
-10.8380749749515,0.1235217332565054,-10.6475546806419,0.03366440499427121
-10.82537362199753,0.1344730688475674,-10.63485332768792,0.03619945034323443
-10.81267226904356,0.1460073629512118,-10.62215197473395,0.03885921196938046
-10.79997091608958,0.1581208103155512,-10.60945062177997,0.04164371695121105
-10.78726956313561,0.1708043744143125,-10.596749268826,0.04454344506973378
-10.77456821018163,0.1840457301018443,-10.58404791587203,0.047556080194108
-10.76186685722766,0.1978293114959351,-10.57134656291805,0.05067890740408897
-10.74916550427369,0.2121363943261964,-10.55864520996408,0.05390990144703441
-10.73646415131971,0.2269452110048207,-10.54594385701011,0.05724699761381916
-10.72376279836574,0.2422336489444793,-10.53324250405613,0.06068774996052955
-10.71106144541176,0.2580003774476193,-10.52054115110216,0.06423247206356658
-10.69836009245779,0.274219617849877,-10.50783979814819,0.06787472858576464
-10.68565873950382,0.29082397879917,-10.49513844519421,0.07163112854263125
-10.67295738654984,0.3077855308840913,-10.48243709224024,0.0754980906863363
-10.66025603359587,0.3250594230943667,-10.46973573928626,0.07945904500218114
-10.6475546806419,0.3426115547878294,-10.45703438633229,0.08351098069837995
-10.63485332768792,0.3604030299356727,-10.44433303337832,0.08765302938379287
-10.62215197473395,0.3785767335072131,-10.43163168042434,0.0919060735066799
-10.60945062177997,0.3970929504821614,-10.41893032747037,0.09627091000042476
-10.596749268826,0.4157533199313462,-10.40622897451639,0.1007217489054052
-10.58404791587203,0.4345113202315809,-10.39352762156242,0.1052594243715002
-10.57134656291805,0.4532950342265847,-10.38082626860845,0.1098837741885827
-10.55864520996408,0.472062325727686,-10.36812491565447,0.114596841625152
-10.54594385701011,0.4907734117320147,-10.3554235627005,0.1193992161322627
-10.53324250405613,0.5093896569416468,-10.34272220974653,0.1243208442597266
-10.52054115110216,0.5278838196539128,-10.33002085679255,0.1293570577474157
-10.50783979814819,0.5462114274302042,-10.31731950383858,0.1345090930642741
-10.49513844519421,0.5645344284141171,-10.3046181508846,0.1397772198594415
-10.48243709224024,0.5828221515964055,-10.29191679793063,0.1451318178587678
-10.46973573928626,0.6008723611577681,-10.27921544497666,0.1505704938981022
-10.45703438633229,0.6186605629884524,-10.26651409202268,0.1561196883824876
-10.44433303337832,0.6361732962396773,-10.25381273906871,0.1617779345839347
-10.43163168042434,0.6535828674696728,-10.24111138611474,0.1675133181085976
-10.41893032747037,0.6708861645936586,-10.22841003316076,0.1733590141519989
-10.40622897451639,0.6878864429713216,-10.21570868020679,0.1793069304258011
-10.39352762156242,0.704586646385022,-10.20300732725282,0.1853197182632549
-10.38082626860845,0.7209904938426097,-10.19030597429884,0.1913939527922615
-10.36812491565447,0.7371106360019915,-10.17760462134487,0.1975230448864626
-10.3554235627005,0.7529812785455692,-10.16490326839089,0.2037044893224346
-10.34272220974653,0.7688061199034451,-10.15220191543692,0.2099299719042278
-10.33002085679255,0.7845650969278731,-10.13950056248295,0.216196330338768
-10.31731950383858,0.8002741265692835,-10.12679920952897,0.2224993774233784
-10.3046181508846,0.8159496943184348,-10.114097856575,0.2288355500135851
-10.29191679793063,0.8314205415585313,-10.10139650362102,0.2352037512814016
-10.27921544497666,0.8466977451238105,-10.08869515066705,0.2416382133095802
-10.26651409202268,0.8619787154269506,-10.07599379771308,0.2482229807549739
-10.25381273906871,0.8772761269922621,-10.0632924447591,0.2549153080462127
-10.24111138611474,0.8924099941266803,-10.05059109180513,0.2616318770861099
-10.22841003316076,0.9075768494922354,-10.03788973885116,0.2683737485868402
-10.21570868020679,0.922768764095902,-10.02518838589718,0.2751485113138265
-10.20300732725282,0.9378031303650559,-10.01248703294321,0.2819615859550505
-10.19030597429884,0.9526806037742879,-9.999785679989234,0.2888534316759089
-10.17760462134487,0.9673918772798141,-9.987084327035261,0.2958289084896458
-10.16490326839089,0.981937938694653,-9.974382974081287,0.302852047822762
-10.15220191543692,0.9963031343424428,-9.961681621127314,0.3100241529914115
-10.13950056248295,1.010484275681347,-9.948980268173338,0.3173515567484899
-10.12679920952897,1.024474519487693,-9.936278915219365,0.3247934844054299
-10.114097856575,1.038267868464273,-9.923577562265391,0.3323540743673813
-10.10139650362102,1.05186498066772,-9.910876209311418,0.3400029280102152
-10.08869515066705,1.065435234187871,-9.898174856357445,0.3477941156785441
-10.07599379771308,1.079347529974846,-9.885473503403471,0.3557390589739669
-10.0632924447591,1.093410983776697,-9.872772150449496,0.363794192391088
-10.05059109180513,1.107257451192335,-9.860070797495522,0.371967310645336
-10.03788973885116,1.120888010382255,-9.847369444541549,0.380266179721768
-10.02518838589718,1.134338078090723,-9.834668091587576,0.3886971833975488
-10.01248703294321,1.147621718018958,-9.821966738633602,0.397266016570281
-9.999785679989234,1.160897623456793,-9.809265385679629,0.4059775597396665
-9.987084327035261,1.174182821689103,-9.796564032725653,0.4148889513979053
-9.974382974081287,1.187322353083144,-9.78386267977168,0.4240006359093654
-9.961681621127314,1.200704805632675,-9.771161326817706,0.4333141043003541
-9.948980268173338,1.214354171036741,-9.758459973863733,0.4428283951338143
-9.936278915219365,1.228129287914853,-9.74575862090976,0.452600998229122
-9.923577562265391,1.242052808126184,-9.733057267955786,0.4626270270118498
-9.910876209311418,1.255978665051462,-9.720355915001811,0.4727877358595086
-9.898174856357445,1.270118012561088,-9.707654562047837,0.4830746748815664
-9.885473503403471,1.284511360004938,-9.694953209093864,0.4934818169104338
-9.872772150449496,1.299001477629931,-9.682251856139891,0.5040532154074839
-9.860070797495522,1.313622079964499,-9.669550503185917,0.5148389112405342
-9.847369444541549,1.328406502958751,-9.656849150231944,0.5257704018208587
-9.834668091587576,1.343385112714774,-9.644147797277968,0.5367772564828744
-9.821966738633602,1.358586221490999,-9.631446444323995,0.5478481747786304
-9.809265385679629,1.374035456393313,-9.618745091370021,0.5589836441955284
-9.796564032725653,1.389935744523454,-9.606043738416048,0.570163357724007
-9.78386267977168,1.406299645186513,-9.593342385462075,0.5815470479572391
-9.771161326817706,1.423138708401721,-9.580641032508101,0.5931207122918827
-9.758459973863733,1.44045675426564,-9.567939679554126,0.604755438662158
-9.74575862090976,1.458423672290407,-9.555238326600152,0.6164330815697259
-9.733057267955786,1.477029284061788,-9.542536973646179,0.6281272677546915
-9.720355915001811,1.495907320338378,-9.529835620692206,0.6398201871439666
-9.707654562047837,1.515035360752602,-9.517134267738232,0.6514412803775087
-9.694953209093864,1.534392212144629,-9.504432914784259,0.6629732052036161
-9.682251856139891,1.55412322656285,-9.491731561830283,0.6745200773760358
-9.669550503185917,1.574375099612839,-9.47903020887631,0.6860626904386785
-9.656849150231944,1.594937315217264,-9.466328855922336,0.6974558327640898
-9.644147797277968,1.615594415945127,-9.453627502968363,0.708678540202913
-9.631446444323995,1.636309253212039,-9.44092615001439,0.7198431410031438
-9.618745091370021,1.657082606538777,-9.428224797060414,0.7309267775499084
-9.606043738416048,1.67786252647082,-9.415523444106441,0.7418274189800492
-9.593342385462075,1.699110738787709,-9.402822091152467,0.7525201940344393
-9.580641032508101,1.720783159044076,-9.390120738198494,0.7629220993576538
-9.567939679554126,1.742475938851762,-9.377419385244521,0.7730690923683343
-9.555238326600152,1.764139109076532,-9.364718032290547,0.783003645122921
-9.542536973646179,1.785731379805791,-9.352016679336572,0.7926396226760845
-9.529835620692206,1.807199324667551,-9.339315326382598,0.8018747527669419
-9.517134267738232,1.828304848951812,-9.326613973428625,0.8107479902707862
-9.504432914784259,1.84899397737255,-9.313912620474651,0.8192328480555619
-9.491731561830283,1.869560746109251,-9.301211267520678,0.8274431234687398
-9.47903020887631,1.889947045737029,-9.288509914566705,0.8354271458540968
-9.466328855922336,1.90974570322213,-9.275808561612729,0.8429469460698563
-9.453627502968363,1.928896891076553,-9.263107208658756,0.8499638081023686
-9.44092615001439,1.947672340506622,-9.250405855704782,0.8564513947439556
-9.428224797060414,1.966008422968743,-9.237704502750809,0.8624648093424737
-9.415523444106441,1.983684639540855,-9.225003149796835,0.867981062006307
-9.402822091152467,2.000636076247647,-9.212301796842862,0.8728396263366745
-9.390120738198494,2.016609121291962,-9.199600443888887,0.8770230820551179
-9.377419385244521,2.031711095628956,-9.186899090934913,0.8805181766534916
-9.364718032290547,2.046032930945296,-9.17419773798094,0.88343388985701
-9.352016679336572,2.059335163812432,-9.161496385026966,0.8857643374047222
-9.339315326382598,2.071374640383104,-9.148795032072993,0.887530631749195
-9.326613973428625,2.082269491796505,-9.13609367911902,0.8888066975460685
-9.313912620474651,2.091951936741761,-9.123392326165044,0.8894540951736915
-9.301211267520678,2.10067637794854,-9.110690973211071,0.8894114666113534
-9.288509914566705,2.108550658046843,-9.097989620257097,0.8886956357592933
-9.275808561612729,2.115003184117696,-9.085288267303124,0.8874722839333733
-9.263107208658756,2.119989560057403,-9.07258691434915,0.8858683185852556
-9.250405855704782,2.123454787817468,-9.059885561395177,0.8837593757071368
-9.237704502750809,2.125538733731566,-9.047184208441202,0.8810708080152628
-9.225003149796835,2.126198278374406,-9.034482855487228,0.8778971922793828
-9.212301796842862,2.125030193458897,-9.021781502533255,0.8742766636455621
-9.199600443888887,2.122008787565338,-9.009080149579281,0.8703417729997893
-9.186899090934913,2.11712040196173,-8.996378796625308,0.8661329383760275
-9.17419773798094,2.110726754487035,-8.983677443671335,0.8616041256831697
-9.161496385026966,2.10283341045928,-8.970976090717359,0.8568197110120044
-9.148795032072993,2.093417947849764,-8.958274737763386,0.8519707239954797
-9.13609367911902,2.082680230609201,-8.945573384809412,0.847149908890947
-9.123392326165044,2.0703242855286,-8.932872031855439,0.8421649348731998
-9.110690973211071,2.056228183240208,-8.920170678901465,0.8369706717027565
-9.097989620257097,2.040453053407402,-8.907469325947492,0.8315981896407297
-9.085288267303124,2.023378834136695,-8.894767972993517,0.826078857174817
-9.07258691434915,2.0052909031859,-8.882066620039543,0.8204394945433317
-9.059885561395177,1.985964762129507,-8.86936526708557,0.8147848475913351
-9.047184208441202,1.965284711524421,-8.856663914131596,0.80913728447256
-9.034482855487228,1.943523627780621,-8.843962561177623,0.8034374193775793
-9.021781502533255,1.920798362350904,-8.83126120822365,0.7977027398458944
-9.009080149579281,1.897348442858359,-8.818559855269674,0.7919479179172724
-8.996378796625308,1.873292966781302,-8.805858502315701,0.7861885700047914
-8.983677443671335,1.84859823235586,-8.793157149361727,0.7804561105838908
-8.970976090717359,1.823428359967017,-8.780455796407754,0.7747605577089286
-8.958274737763386,1.798211419471457,-8.76775444345378,0.7692338620104997
-8.945573384809412,1.773153649535415,-8.755053090499807,0.7638718012646935
-8.932872031855439,1.747878546761195,-8.742351737545832,0.7586110390219882
-8.920170678901465,1.722328557067224,-8.729650384591858,0.7535299495602613
-8.907469325947492,1.696592774725297,-8.716949031637885,0.7485326572909696
-8.894767972993517,1.670756792809949,-8.704247678683911,0.7435275055158248
-8.882066620039543,1.644898548017119,-8.691546325729938,0.7388482861146506
-8.86936526708557,1.619243693380886,-8.678844972775965,0.7344780985759093
-8.856663914131596,1.593860191864094,-8.666143619821989,0.7300519651841509
-8.843962561177623,1.568646006464252,-8.653442266868016,0.7255573443502917
-8.83126120822365,1.543653633028895,-8.640740913914042,0.7210438862957417
-8.818559855269674,1.518920430826561,-8.628039560960069,0.7165010619673922
-8.805858502315701,1.494490029991598,-8.615338208006095,0.711820018887365
-8.793157149361727,1.470429729413976,-8.602636855052122,0.7069876578319826
-8.780455796407754,1.446763031510304,-8.589935502098147,0.7019911402958738
-8.76775444345378,1.423761407062358,-8.577234149144173,0.6968921976558977
-8.755053090499807,1.401424048444526,-8.5645327961902,0.6916803102236693
-8.742351737545832,1.379592620227102,-8.551831443236226,0.6862643698372531
-8.729650384591858,1.358407775144525,-8.539130090282253,0.6806360599526217
-8.716949031637885,1.337710052997515,-8.526428737328279,0.6748234495464851
-8.704247678683911,1.317330467747211,-8.513727384374304,0.6688275118217215
-8.691546325729938,1.297801860295146,-8.501026031420331,0.6626302416310721
-8.678844972775965,1.279090139478027,-8.488324678466357,0.6562404567823128
-8.666143619821989,1.260593008599984,-8.475623325512384,0.6496834991098791
-8.653442266868016,1.242283596065712,-8.46292197255841,0.6430687138493597
-8.640740913914042,1.224248889894455,-8.450220619604437,0.6365199530385881
-8.628039560960069,1.206457006060367,-8.437519266650462,0.6299851444778987
-8.615338208006095,1.188708052062867,-8.424817913696488,0.6235994714144814
-8.602636855052122,1.170968272288839,-8.412116560742515,0.617409817899393
-8.589935502098147,1.153199169305414,-8.399415207788541,0.6113937298450135
-8.577234149144173,1.135497748917779,-8.386713854834568,0.6058030752354841
-8.5645327961902,1.117827870551957,-8.374012501880594,0.6006211430455811
-8.551831443236226,1.100023419687819,-8.361311148926619,0.5958399303049118
-8.539130090282253,1.082050893507744,-8.348609795972646,0.5915295138732846
-8.526428737328279,1.063928464922648,-8.335908443018672,0.5876826691946305
-8.513727384374304,1.045634858385846,-8.323207090064699,0.5843912847092845
-8.501026031420331,1.02712667345325,-8.310505737110725,0.5817449309008632
-8.488324678466357,1.008390682088744,-8.297804384156752,0.5798380038163119
-8.475623325512384,0.9894397167783127,-8.285103031202777,0.5787649732664562
-8.46292197255841,0.9704138784223045,-8.272401678248803,0.5786192537054883
-8.450220619604437,0.9514640623876578,-8.25970032529483,0.5794914440907852
-8.437519266650462,0.9324797817167885,-8.246998972340856,0.5814702373910174
-8.424817913696488,0.9136319924869008,-8.234297619386883,0.5846319257660203
-8.412116560742515,0.8949561061077737,-8.221596266432909,0.58904836177732
-8.399415207788541,0.8763751641235248,-8.208894913478934,0.5948218831784868
-8.386713854834568,0.8581953541947057,-8.196193560524961,0.6019970797150267
-8.374012501880594,0.8403441472556016,-8.183492207570987,0.6105822204889336
-8.361311148926619,0.8227850085565497,-8.170790854617014,0.6207889770138011
-8.348609795972646,0.805585423446157,-8.15808950166304,0.6326250867574627
-8.335908443018672,0.7887094347209733,-8.145388148709067,0.6459010197424301
-8.323207090064699,0.7722567356945914,-8.132686795755092,0.6605987831117772
-8.310505737110725,0.756322866923707,-8.119985442801118,0.6766745623312568
-8.297804384156752,0.7410187155883103,-8.107284089847145,0.6940791272713773
-8.285103031202777,0.7264515784134803,-8.094582736893171,0.7127516097882805
-8.272401678248803,0.712733916105137,-8.081881383939198,0.7326075178263052
-8.25970032529483,0.6999786486834438,-8.069180030985224,0.7535595056750242
-8.246998972340856,0.688297939052905,-8.056478678031249,0.7755035584903837
-8.234297619386883,0.6778014266302243,-8.043777325077276,0.7983293181482971
-8.221596266432909,0.668587283626646,-8.031075972123302,0.8219150100532198
-8.208894913478934,0.6607966417912705,-8.018374619169329,0.846258371174621
-8.196193560524961,0.6545095429277067,-8.005673266215355,0.8712282459553249
-8.183492207570987,0.6497699634449567,-7.992971913261381,0.8965592340222116
-8.170790854617014,0.6468680422903701,-7.980270560307408,0.9221157738447107
-8.15808950166304,0.6458505880211561,-7.967569207353433,0.9478778909779038
-8.145388148709067,0.6465332292262289,-7.95486785439946,0.97384090059565
-8.132686795755092,0.648938895935731,-7.942166501445486,0.9998683597418392
-8.119985442801118,0.6530657467761825,-7.929465148491512,1.025699451513136
-8.107284089847145,0.658904217151418,-7.916763795537539,1.051116963099491
-8.094582736893171,0.6664368893528835,-7.904062442583565,1.07600240037782
-8.081881383939198,0.6756157769311979,-7.891361089629591,1.100321143849804
-8.069180030985224,0.6863954238522306,-7.878659736675617,1.124194502848614
-8.056478678031249,0.6987046791739642,-7.865958383721644,1.147426419246835
-8.043777325077276,0.7124686276043147,-7.85325703076767,1.169705323004576
-8.031075972123302,0.7275931150375711,-7.840555677813696,1.19117630903093
-8.018374619169329,0.7440675702829573,-7.827854324859723,1.211784943073272
-8.005673266215355,0.7617840994166366,-7.815152971905748,1.231332232656454
-7.992971913261381,0.780536423071268,-7.802451618951775,1.249894345064475
-7.980270560307408,0.8002057210920578,-7.789750265997801,1.267404715173292
-7.967569207353433,0.8207478710428201,-7.777048913043827,1.283738590473781
-7.95486785439946,0.8421077054110548,-7.764347560089854,1.298929905295774
-7.942166501445486,0.8641313414121157,-7.75164620713588,1.312994353780055
-7.929465148491512,0.8866184534860554,-7.738944854181906,1.325883787968305
-7.916763795537539,0.909398243082666,-7.726243501227932,1.337853401168335
-7.904062442583565,0.9323435499931083,-7.713542148273959,1.348933726989433
-7.891361089629591,0.9554063469484425,-7.700840795319984,1.359317184251391
-7.878659736675617,0.9786413224237696,-7.688139442366011,1.36902543650809
-7.865958383721644,1.001842907893637,-7.675438089412038,1.377708514683006
-7.85325703076767,1.024725775478202,-7.662736736458063,1.385722035451638
-7.840555677813696,1.04739263045354,-7.65003538350409,1.393099739611756
-7.827854324859723,1.069762111940802,-7.637334030550116,1.39955782575491
-7.815152971905748,1.09162369747847,-7.624632677596142,1.405129075864511
-7.802451618951775,1.113004250048701,-7.611931324642169,1.40984991642053
-7.789750265997801,1.133778798465675,-7.599229971688195,1.413753227902465
-7.777048913043827,1.153795542628804,-7.586528618734221,1.416877049817946
-7.764347560089854,1.173072874163335,-7.573827265780247,1.419356433324797
-7.75164620713588,1.191589169969106,-7.561125912826274,1.421229658499899
-7.738944854181906,1.2092314042812,-7.548424559872299,1.422605697018095
-7.726243501227932,1.226145094919322,-7.535723206918326,1.423519212860513
-7.713542148273959,1.242317124039732,-7.523021853964353,1.424062894793449
-7.700840795319984,1.257962917132014,-7.510320501010378,1.424266231555742
-7.688139442366011,1.273062426568248,-7.497619148056405,1.42413055643418
-7.675438089412038,1.287228631273496,-7.484917795102431,1.423685910826468
-7.662736736458063,1.300749374451311,-7.472216442148457,1.422752635704391
-7.65003538350409,1.313619809437201,-7.459515089194484,1.421364672366992
-7.637334030550116,1.325549184554079,-7.44681373624051,1.419641193936196
-7.624632677596142,1.336534356955941,-7.434112383286536,1.41801298073657
-7.611931324642169,1.346578079908453,-7.421411030332562,1.416431423381173
-7.599229971688195,1.355680835145085,-7.408709677378589,1.414528205695955
-7.586528618734221,1.363850283811049,-7.396008324424614,1.412451280256214
-7.573827265780247,1.371197503524114,-7.383306971470641,1.410411421897558
-7.561125912826274,1.377733694266236,-7.370605618516668,1.408326103042817
-7.548424559872299,1.383593677473999,-7.357904265562693,1.406048900911051
-7.535723206918326,1.388787382807158,-7.34520291260872,1.403610370196867
-7.523021853964353,1.39326195364526,-7.332501559654746,1.401042972706105
-7.510320501010378,1.397026740553863,-7.319800206700772,1.398647222631448
-7.497619148056405,1.400118646148361,-7.307098853746799,1.396450247960476
-7.484917795102431,1.402554379727167,-7.294397500792825,1.394199980976323
-7.472216442148457,1.404153907301968,-7.281696147838851,1.392194233615584
-7.459515089194484,1.404941849178039,-7.268994794884877,1.390443728378837
-7.44681373624051,1.405063753818635,-7.256293441930904,1.388670224778706
-7.434112383286536,1.404951668762333,-7.243592088976929,1.386896198993158
-7.421411030332562,1.404523647803778,-7.230890736022956,1.385111115627746
-7.408709677378589,1.40340534126531,-7.218189383068983,1.383280011135456
-7.396008324424614,1.401716315868123,-7.205488030115008,1.381629155105547
-7.383306971470641,1.399710431005508,-7.192786677161035,1.380134286239512
-7.370605618516668,1.397347466818226,-7.180085324207061,1.378526245606963
-7.357904265562693,1.394456992448062,-7.167383971253087,1.376964384469782
-7.34520291260872,1.391084288021225,-7.154682618299114,1.375517448992716
-7.332501559654746,1.387279233280475,-7.14198126534514,1.373931675721739
-7.319800206700772,1.383405158115397,-7.129279912391166,1.372064001472745
-7.307098853746799,1.379510532341394,-7.116578559437192,1.36986818852565
-7.294397500792825,1.375323395695589,-7.103877206483219,1.367386176696488
-7.281696147838851,1.371184700331776,-7.091175853529244,1.364574029884246
-7.268994794884877,1.367130922087049,-7.078474500575271,1.36148011894955
-7.256293441930904,1.362891704993116,-7.065773147621298,1.358061774934482
-7.243592088976929,1.358507439835584,-7.053071794667323,1.354240653754915
-7.230890736022956,1.35400059161719,-7.04037044171335,1.349981984146193
-7.218189383068983,1.349368891513579,-7.027669088759376,1.34536653281396
-7.205488030115008,1.34480000300831,-7.014967735805402,1.340501162775249
-7.192786677161035,1.340297939568597,-7.002266382851428,1.335159275019697
-7.180085324207061,1.335686527751219,-6.989565029897454,1.329310013766
-7.167383971253087,1.331148281263409,-6.976863676943481,1.323164243743894
-7.154682618299114,1.326764476865414,-6.964162323989507,1.31693251582229
-7.14198126534514,1.322314003443349,-6.951460971035533,1.310432609059584
-7.129279912391166,1.317685869841396,-6.938759618081559,1.303600624433242
-7.116578559437192,1.312853818113028,-6.926058265127586,1.296469341711822
-7.103877206483219,1.307892351768055,-6.913356912173612,1.288877650632582
-7.091175853529244,1.302772678325818,-6.900655559219638,1.280884034941302
-7.078474500575271,1.297577847369075,-6.887954206265665,1.272533663298167
-7.065773147621298,1.292275771976277,-6.87525285331169,1.26388886101377
-7.053071794667323,1.28672744968815,-6.862551500357717,1.255019069686837
-7.04037044171335,1.280902369745053,-6.849850147403743,1.245995382007689
-7.027669088759376,1.274846617692813,-6.837148794449769,1.236896609872028
-7.014967735805402,1.268628689605914,-6.824447441495796,1.227797495034111
-7.002266382851428,1.262079724196359,-6.811746088541822,1.218967717730474
-6.989565029897454,1.25521200755386,-6.799044735587848,1.210484910756987
-6.976863676943481,1.248187631785957,-6.786343382633874,1.202251997446895
-6.964162323989507,1.241192225278052,-6.773642029679901,1.194831315735623
-6.951460971035533,1.234067841820857,-6.760940676725927,1.188413593497193
-6.938759618081559,1.226730428077601,-6.748239323771953,1.182551796571896
-6.926058265127586,1.21919101102678,-6.73553797081798,1.177192709510608
-6.913356912173612,1.211266112480768,-6.722836617864005,1.172394615566695
-6.900655559219638,1.202984730936143,-6.710135264910032,1.168203891308261
-6.887954206265665,1.194368446676339,-6.697433911956058,1.164671283852468
-6.87525285331169,1.185450089522344,-6.684732559002084,1.161933545071355
-6.862551500357717,1.176267180345308,-6.672031206048111,1.16003053416964
-6.849850147403743,1.166858087148185,-6.659329853094137,1.158893000393286
-6.837148794449769,1.157265187909355,-6.646628500140163,1.158540052485034
-6.824447441495796,1.147532196677556,-6.633927147186189,1.159164621484424
-6.811746088541822,1.137873872847569,-6.621225794232216,1.160775625655667
-6.799044735587848,1.128332041000369,-6.608524441278242,1.163214495922438
-6.786343382633874,1.118784597139825,-6.595823088324268,1.166574027759453
-6.773642029679901,1.109734597710861,-6.583121735370295,1.170854258139879
-6.760940676725927,1.10130842917678,-6.57042038241632,1.17613129314349
-6.748239323771953,1.093054202333944,-6.557719029462347,1.182487109644769
-6.73553797081798,1.084912213803114,-6.545017676508373,1.189697845369193
-6.722836617864005,1.076910193966159,-6.532316323554399,1.197712814441138
-6.710135264910032,1.069065444220172,-6.519614970600426,1.206479495983676
-6.697433911956058,1.061400009447218,-6.506913617646452,1.215857799173723
-6.684732559002084,1.054032412152645,-6.494212264692478,1.22581864186067
-6.672031206048111,1.046980041308009,-6.481510911738504,1.236325616050732
-6.659329853094137,1.040152209299186,-6.468809558784531,1.247392026836005
-6.646628500140163,1.033556724525521,-6.456108205830557,1.259046926145991
-6.633927147186189,1.027396349306327,-6.443406852876583,1.271227688926344
-6.621225794232216,1.021673019923491,-6.43070549992261,1.283823653671152
-6.608524441278242,1.016206321382542,-6.418004146968635,1.296648676212993
-6.595823088324268,1.011102375994496,-6.405302794014662,1.30953053748756
-6.583121735370295,1.006364247076046,-6.392601441060688,1.322393335681176
-6.57042038241632,1.002085574275496,-6.379900088106714,1.335267795316163
-6.557719029462347,0.9983287321698866,-6.367198735152741,1.348076934194957
-6.545017676508373,0.994866327985162,-6.354497382198767,1.360661507058621
-6.532316323554399,0.9916957874509744,-6.341796029244793,1.372969753192102
-6.519614970600426,0.9887911573662321,-6.329094676290819,1.384944300632207
-6.506913617646452,0.9860467007014723,-6.316393323336846,1.396981884837797
-6.494212264692478,0.9834569419529163,-6.303691970382872,1.40923672888749
-6.481510911738504,0.9810244052550895,-6.290990617428898,1.421222429961933
-6.468809558784531,0.9787744860956146,-6.278289264474925,1.432727280493467
-6.456108205830557,0.9766983926687461,-6.26558791152095,1.443738153744541
-6.443406852876583,0.9747722290688283,-6.252886558566977,1.454464570534468
-6.43070549992261,0.9729792275532279,-6.240185205613003,1.464902950100793
-6.418004146968635,0.9711949696126563,-6.227483852659029,1.475228821935078
-6.405302794014662,0.9692876584318196,-6.214782499705056,1.485454477509077
-6.392601441060688,0.9672121334383999,-6.202081146751082,1.495189865986793
-6.379900088106714,0.9650218611863713,-6.189379793797108,1.504462457368649
-6.367198735152741,0.9626692930926909,-6.176678440843134,1.513295813844967
-6.354497382198767,0.9600272715921372,-6.163977087889161,1.521726856619983
-6.341796029244793,0.9570690121346442,-6.151275734935187,1.529980579560816
-6.329094676290819,0.9537571446207085,-6.138574381981213,1.538098445023759
-6.316393323336846,0.9503122600681879,-6.12587302902724,1.546228300802311
-6.303691970382872,0.9468656748927378,-6.113171676073265,1.554405853752126
-6.290990617428898,0.9431486457674024,-6.100470323119292,1.562371694738814
-6.278289264474925,0.9389970163634397,-6.087768970165318,1.570457065630941
-6.26558791152095,0.934408780392916,-6.075067617211344,1.578692401867155
-6.252886558566977,0.9295042762845304,-6.062366264257371,1.58681288038876
-6.240185205613003,0.9242909401074719,-6.049664911303397,1.594833722867851
-6.227483852659029,0.9189684282450304,-6.036963558349423,1.602780053151909
-6.214782499705056,0.9135587072056971,-6.024262205395449,1.610699440854593
-6.202081146751082,0.9077806829299188,-6.011560852441476,1.618602808328304
-6.189379793797108,0.9016705424448098,-5.998859499487502,1.626745941579451
-6.176678440843134,0.8952674244474785,-5.986158146533528,1.635132140851211
-6.163977087889161,0.8886222880241603,-5.973456793579555,1.64374715586845
-6.151275734935187,0.8819079553303425,-5.96075544062558,1.652662495100397
-6.138574381981213,0.8751859226374068,-5.948054087671607,1.661592805150765
-6.12587302902724,0.8686245900405689,-5.935352734717633,1.670434354368764
-6.113171676073265,0.8622840670595181,-5.922651381763659,1.679163680900836
-6.100470323119292,0.8559900091085583,-5.909950028809686,1.68801466206474
-6.087768970165318,0.8498905926711765,-5.897248675855712,1.696956805593085
-6.075067617211344,0.8440439327156014,-5.884547322901738,1.705712216557932
-6.062366264257371,0.8384196949770827,-5.871845969947764,1.714262641721601
-6.049664911303397,0.8330686986253395,-5.859144616993791,1.722989110034735
-6.036963558349423,0.8280412657405811,-5.846443264039817,1.731983592064366
-6.024262205395449,0.8234155409204408,-5.833741911085843,1.740947600255896
-6.011560852441476,0.8192263470516354,-5.82104055813187,1.749711049198809
-5.998859499487502,0.8155871384776682,-5.808339205177895,1.758245845154786
-5.986158146533528,0.8125214878450042,-5.795637852223922,1.766525640099462
-5.973456793579555,0.8100367447448299,-5.782936499269948,1.774427674484826
-5.96075544062558,0.8081790642204473,-5.770235146315974,1.782270678033022
-5.948054087671607,0.8068512613656937,-5.757533793362001,1.790040622156011
-5.935352734717633,0.8060086525602624,-5.744832440408027,1.79739707259343
-5.922651381763659,0.8056362410360111,-5.732131087454053,1.80454880949367
-5.909950028809686,0.8058092786677702,-5.719429734500079,1.81149027257517
-5.897248675855712,0.8064986400768597,-5.706728381546106,1.818093284876657
-5.884547322901738,0.8075782181748856,-5.694027028592132,1.824476777561816
-5.871845969947764,0.8090168905803392,-5.681325675638158,1.830537166293761
-5.859144616993791,0.8109190496525076,-5.668624322684185,1.836145301969886
-5.846443264039817,0.8132756378098123,-5.65592296973021,1.841437694062906
-5.833741911085843,0.8159590303157812,-5.643221616776237,1.846618297077221
-5.82104055813187,0.8188673186263831,-5.630520263822263,1.851565008784832
-5.808339205177895,0.8219565106541196,-5.617818910868289,1.856187641323046
-5.795637852223922,0.8251723956356944,-5.605117557914316,1.860791267938887
-5.782936499269948,0.8284036041876848,-5.592416204960342,1.865227493601612
-5.770235146315974,0.831788019681958,-5.579714852006368,1.869265842101476
-5.757533793362001,0.8352756219108989,-5.567013499052394,1.873037003348497
-5.744832440408027,0.8386343972946585,-5.554312146098421,1.876545768118981
-5.732131087454053,0.8419248776346959,-5.541610793144447,1.879635579379322
-5.719429734500079,0.8451057549923179,-5.528909440190473,1.882263816184464
-5.706728381546106,0.848095258763137,-5.5162080872365,1.884413478191589
-5.694027028592132,0.8509303364497851,-5.503506734282525,1.885955058388758
-5.681325675638158,0.8535102237889107,-5.490805381328552,1.88700573615854
-5.668624322684185,0.8557359598210941,-5.478104028374578,1.887548693577329
-5.65592296973021,0.8576380586474942,-5.465402675420604,1.887563637195529
-5.643221616776237,0.8592917979949647,-5.452701322466631,1.887261255851364
-5.630520263822263,0.8606385715028567,-5.439999969512657,1.886532293236874
-5.617818910868289,0.8616092769180218,-5.427298616558683,1.885292259428691
-5.605117557914316,0.8623720171572543,-5.414597263604709,1.883728371242362
-5.592416204960342,0.8628644523187452,-5.401895910650735,1.881709437363945
-5.579714852006368,0.8629592128056837,-5.389194557696762,1.879053923945353
-5.567013499052394,0.8626878876340308,-5.376493204742788,1.876287637373557
-5.554312146098421,0.8620166080739801,-5.363791851788814,1.873432290678308
-5.541610793144447,0.8609118122138008,-5.35109049883484,1.870039093841122
-5.528909440190473,0.8593910691517864,-5.338389145880867,1.866235019263036
-5.5162080872365,0.857459497132316,-5.325687792926892,1.862024310760954
-5.503506734282525,0.8550668066145788,-5.312986439972919,1.857349577210485
-5.490805381328552,0.8522813783435403,-5.300285087018946,1.852379083064329
-5.478104028374578,0.849113278701531,-5.287583734064971,1.84766818900279
-5.465402675420604,0.8455793896853764,-5.274882381110998,1.843132217926634
-5.452701322466631,0.841823854252574,-5.262181028157024,1.83843670326543
-5.439999969512657,0.8378154431638927,-5.24947967520305,1.833624397067524
-5.427298616558683,0.8334910992243467,-5.236778322249077,1.828622420606573
-5.414597263604709,0.8290120239365267,-5.224076969295103,1.823589530899853
-5.401895910650735,0.8243630422261646,-5.211375616341129,1.818569914202354
-5.389194557696762,0.8194347520875899,-5.198674263387155,1.813732284577847
-5.376493204742788,0.8144439205686284,-5.185972910433182,1.809122429213937
-5.363791851788814,0.8094255744751624,-5.173271557479207,1.804526761428908
-5.35109049883484,0.8042502667109143,-5.160570204525234,1.799976471208489
-5.338389145880867,0.799008932916799,-5.147868851571261,1.795513243867062
-5.325687792926892,0.7937147061053871,-5.135167498617286,1.791480637507714
-5.312986439972919,0.7883491212116073,-5.122466145663313,1.787920745619989
-5.300285087018946,0.7829852991377999,-5.109764792709339,1.784668384557863
-5.287583734064971,0.7778498116127373,-5.097063439755365,1.781726622771864
-5.274882381110998,0.7729353917749647,-5.084362086801392,1.779196843273194
-5.262181028157024,0.7681397512392487,-5.071660733847418,1.7770901623996
-5.24947967520305,0.7634937839138791,-5.058959380893444,1.775363714194473
-5.236778322249077,0.7589891808208404,-5.04625802793947,1.774155657005053
-5.224076969295103,0.7547081789439447,-5.033556674985497,1.773367130242216
-5.211375616341129,0.7506773618333645,-5.020855322031522,1.772920855616132
-5.198674263387155,0.7469681361970301,-5.008153969077549,1.77293627287302
-5.185972910433182,0.7436070349079931,-4.995452616123576,1.773436586128633
-5.173271557479207,0.7405042584397084,-4.982751263169601,1.774614139459831
-5.160570204525234,0.7376734594263257,-4.970049910215628,1.77652860883835
-5.147868851571261,0.7351279798055613,-4.957348557261654,1.778994581962681
-5.135167498617286,0.7330024961746136,-4.94464720430768,1.782252608207421
-5.122466145663313,0.7313097995804445,-4.931945851353706,1.786744130923943
-5.109764792709339,0.729959931278555,-4.919244498399733,1.792371957245033
-5.097063439755365,0.7289437735266148,-4.906543145445759,1.799170867933981
-5.084362086801392,0.7283253316432448,-4.893841792491785,1.807209855000468
-5.071660733847418,0.7281000774384042,-4.881140439537812,1.816394330812231
-5.058959380893444,0.7281759882061007,-4.868439086583837,1.826785090681712
-5.04625802793947,0.7285856926689229,-4.855737733629864,1.838234746364243
-5.033556674985497,0.7293197074757646,-4.843036380675891,1.850782594564182
-5.020855322031522,0.7303435125405672,-4.830335027721916,1.864481627662565
-5.008153969077549,0.7317158945979528,-4.817633674767943,1.879482424494473
-4.995452616123576,0.7334362780616781,-4.804932321813969,1.89580599588399
-4.982751263169601,0.735564556634846,-4.792230968859995,1.91332868188488
-4.970049910215628,0.7381128442335939,-4.779529615906021,1.932038287561855
-4.957348557261654,0.7409832124448808,-4.766828262952048,1.95190418262187
-4.94464720430768,0.7443052251200713,-4.754126909998074,1.973142995493494
-4.931945851353706,0.7482179441688651,-4.7414255570441,1.995682639113835
-4.919244498399733,0.7526327964452544,-4.728724204090127,2.019544969704771
-4.906543145445759,0.7576067350813764,-4.716022851136152,2.044608217607882
-4.893841792491785,0.76316405089356,-4.703321498182179,2.070453647793278
-4.881140439537812,0.7692635728650025,-4.690620145228206,2.096915819183605
-4.868439086583837,0.7759290023452427,-4.677918792274231,2.123833334716354
-4.855737733629864,0.7830851605010839,-4.665217439320258,2.151020154334157
-4.843036380675891,0.7907495270133587,-4.652516086366284,2.178136988793699
-4.830335027721916,0.7989450582698473,-4.63981473341231,2.205353639283651
-4.817633674767943,0.8077273631956669,-4.627113380458336,2.232441485853129
-4.804932321813969,0.8171068974601666,-4.614412027504363,2.258861607283939
-4.792230968859995,0.8270470862475783,-4.601710674550389,2.28436636628447
-4.779529615906021,0.8375450963957403,-4.589009321596415,2.308686571662492
-4.766828262952048,0.8485926585444917,-4.576307968642442,2.331581160216475
-4.754126909998074,0.860233723233358,-4.563606615688467,2.352856180724772
-4.7414255570441,0.8724403997303595,-4.550905262734494,2.372300965539552
-4.728724204090127,0.8853357224333822,-4.538203909780521,2.389871776434601
-4.716022851136152,0.8988682101283368,-4.525502556826546,2.405387346370519
-4.703321498182179,0.9128099314565591,-4.512801203872573,2.418663578205491
-4.690620145228206,0.9270831335693796,-4.500099850918599,2.43008978530467
-4.677918792274231,0.9415718931847222,-4.487398497964625,2.439526104497538
-4.665217439320258,0.9561868126449367,-4.474697145010651,2.446556580919742
-4.652516086366284,0.9707995117254059,-4.461995792056678,2.451123473613882
-4.63981473341231,0.9855255193494864,-4.449294439102704,2.453059987465249
-4.627113380458336,1.000245403259874,-4.43659308614873,2.452252083966749
-4.614412027504363,1.014643315127228,-4.423891733194757,2.448911356631603
-4.601710674550389,1.028586374052951,-4.411190380240782,2.443050903327172
-4.589009321596415,1.041969826864935,-4.398489027286809,2.434535716093524
-4.576307968642442,1.054658025239709,-4.385787674332836,2.42335101618223
-4.563606615688467,1.066534452180963,-4.373086321378861,2.409682970831893
-4.550905262734494,1.077471167641417,-4.360384968424888,2.393730193365976
-4.538203909780521,1.087286803549826,-4.347683615470914,2.375667828046885
-4.525502556826546,1.095863714653179,-4.33498226251694,2.355749409632055
-4.512801203872573,1.103113172025631,-4.322280909562966,2.334057117207084
-4.500099850918599,1.109035801912903,-4.309579556608993,2.310956780987589
-4.487398497964625,1.113589934097618,-4.296878203655019,2.287046800535028
-4.474697145010651,1.116718404466267,-4.284176850701045,2.262372616384993
-4.461995792056678,1.118487699000881,-4.271475497747072,2.236908444258274
-4.449294439102704,1.118819994245658,-4.258774144793097,2.210928002847088
-4.43659308614873,1.117623239448996,-4.246072791839124,2.184592990397693
-4.423891733194757,1.114999764050647,-4.23337143888515,2.158057696731538
-4.411190380240782,1.110878853937859,-4.220670085931176,2.131662350002195
-4.398489027286809,1.10515574471865,-4.207968732977203,2.105838049610673
-4.385787674332836,1.097788119739263,-4.195267380023229,2.080700750231142
-4.373086321378861,1.088761796933078,-4.182566027069255,2.056289456787967
-4.360384968424888,1.078209862782105,-4.169864674115281,2.03290944387878
-4.347683615470914,1.066216706027948,-4.157163321161308,2.011028096540602
-4.33498226251694,1.052899786295932,-4.144461968207334,1.99077411943727
-4.322280909562966,1.038351792177582,-4.13176061525336,1.972088023187265
-4.309579556608993,1.022619288649986,-4.119059262299387,1.955147084941513
-4.296878203655019,1.006025438379082,-4.106357909345412,1.940419885698834
-4.284176850701045,0.9887432907609606,-4.093656556391439,1.928284344569596
-4.271475497747072,0.9707546861019131,-4.080955203437465,1.918581636820923
-4.258774144793097,0.9521953525683067,-4.068253850483491,1.911358180138354
-4.246072791839124,0.933147778370686,-4.055552497529518,1.906772978113892
-4.23337143888515,0.9136761086223951,-4.042851144575544,1.904874480928917
-4.220670085931176,0.893923274255925,-4.03014979162157,1.905676347339887
-4.207968732977203,0.874094994600397,-4.017448438667596,1.909151697720511
-4.195267380023229,0.8543131961571329,-4.004747085713623,1.915399168026741
-4.182566027069255,0.8346259246258413,-3.992045732759649,1.924743526257209
-4.169864674115281,0.8152456168604623,-3.979344379805675,1.937129164591249
-4.157163321161308,0.7963079007902725,-3.966643026851701,1.952254357715169
-4.144461968207334,0.7778246272549355,-3.953941673897727,1.970072389375217
-4.13176061525336,0.7598629948187622,-3.941240320943754,1.990531157809717
-4.119059262299387,0.7425103480574251,-3.92853896798978,2.01377837552598
-4.106357909345412,0.7259316366446152,-3.915837615035806,2.039731753162903
-4.093656556391439,0.7102336854345233,-3.903136262081833,2.068179332170474
-4.080955203437465,0.6953919015623478,-3.890434909127859,2.098965422533691
-4.068253850483491,0.6814427024967105,-3.877733556173885,2.132017481970401
-4.055552497529518,0.6684969345445244,-3.865032203219911,2.167145976526939
-4.042851144575544,0.656631291147237,-3.852330850265938,2.204032815644246
-4.03014979162157,0.645801636370466,-3.839629497311964,2.242454503139634
-4.017448438667596,0.6359679550782438,-3.82692814435799,2.282057011596165
-4.004747085713623,0.6272112047730154,-3.814226791404016,2.32260357402323
-3.992045732759649,0.6196322884015713,-3.801525438450042,2.364046027429961
-3.979344379805675,0.6131522569436307,-3.788824085496069,2.406216942318165
-3.966643026851701,0.607662477538255,-3.776122732542095,2.44866879122846
-3.953941673897727,0.6031377466907735,-3.763421379588121,2.491195834608168
-3.941240320943754,0.5995513995375663,-3.750720026634148,2.533464776419209
-3.92853896798978,0.5969154666492621,-3.738018673680174,2.57540703113276
-3.915837615035806,0.5952099557220628,-3.7253173207262,2.617239827381283
-3.903136262081833,0.5943410958952723,-3.712615967772226,2.658359028649636
-3.890434909127859,0.5942295399582734,-3.699914614818253,2.698170982000758
-3.877733556173885,0.5948678489118413,-3.687213261864279,2.736397987440756
-3.865032203219911,0.5961873994700782,-3.674511908910305,2.772676932728483
-3.852330850265938,0.598072907059068,-3.661810555956331,2.806943307846542
-3.839629497311964,0.600445523238996,-3.649109203002357,2.839117230505647
-3.82692814435799,0.6032077900422846,-3.636407850048384,2.869046873603753
-3.814226791404016,0.6062763155773837,-3.62370649709441,2.896721358520352
-3.801525438450042,0.6096151856590364,-3.611005144140436,2.922189173897616
-3.788824085496069,0.6131424269167043,-3.598303791186463,2.945414277809228
-3.776122732542095,0.6167755603943417,-3.585602438232489,2.966056541047498
-3.763421379588121,0.6204269644536724,-3.572901085278515,2.984138359527004
-3.750720026634148,0.6239369221525493,-3.560199732324541,2.999915141608996
-3.738018673680174,0.6273129814855672,-3.547498379370567,3.013187617578606
-3.7253173207262,0.6306032519814213,-3.534797026416594,3.023970962936354
-3.712615967772226,0.6336345130892683,-3.52209567346262,3.032508411631533
-3.699914614818253,0.6362082597911818,-3.509394320508646,3.038934482269112
-3.687213261864279,0.6382338101598806,-3.496692967554672,3.043130820592861
-3.674511908910305,0.6396332450039843,-3.483991614600699,3.045166731021843
-3.661810555956331,0.6403750978936145,-3.471290261646725,3.045695559121295
-3.649109203002357,0.6404255002309089,-3.458588908692751,3.044900242537875
-3.636407850048384,0.6397501850871299,-3.445887555738778,3.042632347806902
-3.62370649709441,0.638378585070322,-3.433186202784804,3.038980152711337
-3.611005144140436,0.6363820399358471,-3.42048484983083,3.03401302271312
-3.598303791186463,0.6337476080570123,-3.407783496876856,3.028084032133423
-3.585602438232489,0.6303404746290144,-3.395082143922882,3.021746063586865
-3.572901085278515,0.6261931942535284,-3.382380790968909,3.015309360159042
-3.560199732324541,0.6213639462108697,-3.369679438014935,3.008730812959095
-3.547498379370567,0.6157901752054864,-3.356978085060961,3.002329536498053
-3.534797026416594,0.6095151037287954,-3.344276732106987,2.996399166636044
-3.52209567346262,0.6025886543693101,-3.331575379153013,2.990779843768636
-3.509394320508646,0.5950370367639156,-3.31887402619904,2.985444338740348
-3.496692967554672,0.5868847993071197,-3.306172673245066,2.980545305306742
-3.483991614600699,0.5781608324007146,-3.293471320291092,2.976216391886452
-3.471290261646725,0.5689785755125547,-3.280769967337119,2.972927228303267
-3.458588908692751,0.5594105639710649,-3.268068614383145,2.970912403290742
-3.445887555738778,0.5494688682504729,-3.255367261429171,2.97000426558464
-3.433186202784804,0.5391936181313057,-3.242665908475197,2.970131753832586
-3.42048484983083,0.5286483011296151,-3.229964555521224,2.971247557198436
-3.407783496876856,0.5179174673343197,-3.21726320256725,2.973363309263095
-3.395082143922882,0.5071278369404061,-3.204561849613276,2.977058812154665
-3.382380790968909,0.4963577453769098,-3.191860496659302,2.982805433942445
-3.369679438014935,0.4856077674951342,-3.179159143705328,2.990106061450334
-3.356978085060961,0.4749452089962562,-3.166457790751355,2.998441211701918
-3.344276732106987,0.4644706501388494,-3.153756437797381,3.007623995595994
-3.331575379153013,0.4541850172716381,-3.141055084843407,3.017852605760679
-3.31887402619904,0.4440780077038669,-3.128353731889434,3.029146259421908
-3.306172673245066,0.4341859252105647,-3.11565237893546,3.04127922904234
-3.293471320291092,0.4245403891734686,-3.102951025981486,3.054154396053126
-3.280769967337119,0.4152112068711233,-3.090249673027512,3.067526976048917
-3.268068614383145,0.4062308356013812,-3.077548320073539,3.081326609172491
-3.255367261429171,0.3975827527540607,-3.064846967119565,3.095447602069399
-3.242665908475197,0.3892933913677635,-3.052145614165591,3.109672246227395
-3.229964555521224,0.381363246213879,-3.039444261211617,3.124111237513475
-3.21726320256725,0.3737675707306457,-3.026742908257643,3.138842405182628
-3.204561849613276,0.3665453426805067,-3.01404155530367,3.153692676798508
-3.191860496659302,0.359755982336544,-3.001340202349696,3.168733310405789
-3.179159143705328,0.3533634855941505,-2.988638849395722,3.184407227307657
-3.166457790751355,0.3472938911055321,-2.975937496441749,3.200553685608727
-3.153756437797381,0.3415193127920402,-2.963236143487775,3.216626611462538
-3.141055084843407,0.3360549480014303,-2.950534790533801,3.23250725668386
-3.128353731889434,0.3308945744759373,-2.937833437579827,3.247982586944931
-3.11565237893546,0.3259956754998012,-2.925132084625854,3.263056264942825
-3.102951025981486,0.3213359028830051,-2.91243073167188,3.277953086265672
-3.090249673027512,0.3168866820540814,-2.899729378717906,3.292376336344429
-3.077548320073539,0.3126294839224899,-2.887028025763932,3.306154779417995
-3.064846967119565,0.3085470642528289,-2.874326672809958,3.319346122026837
-3.052145614165591,0.3046119552433289,-2.861625319855985,3.331786461034415
-3.039444261211617,0.3008173032661411,-2.848923966902011,3.343450734332967
-3.026742908257643,0.2971700279514071,-2.836222613948037,3.354638560380244
-3.01404155530367,0.2936652629026414,-2.823521260994064,3.365510111146305
-3.001340202349696,0.290308460346591,-2.81081990804009,3.375767200335802
-2.988638849395722,0.2871165886173415,-2.798118555086116,3.385259247245537
-2.975937496441749,0.2840750954557096,-2.785417202132142,3.394336394614392
-2.963236143487775,0.281137856382572,-2.772715849178169,3.402841754710536
-2.950534790533801,0.2782750032910979,-2.760014496224195,3.410689949324763
-2.937833437579827,0.2754822009481774,-2.747313143270221,3.417870810874876
-2.925132084625854,0.2727929817269214,-2.734611790316247,3.424660216008315
-2.91243073167188,0.2702295256378664,-2.721910437362273,3.431049546552468
-2.899729378717906,0.2677509624522533,-2.7092090844083,3.436456893096685
-2.887028025763932,0.265354240528381,-2.696507731454326,3.441004728991364
-2.874326672809958,0.2630467139113864,-2.683806378500352,3.444820666637397
-2.861625319855985,0.2608295957394959,-2.671105025546379,3.447815815030016
-2.848923966902011,0.2587125477697425,-2.658403672592405,3.450020562343941
-2.836222613948037,0.2567397818723431,-2.645702319638431,3.451691225726934
-2.823521260994064,0.2549415141467141,-2.633000966684457,3.453203402661538
-2.81081990804009,0.2533013947909325,-2.620299613730484,3.454888287771095
-2.798118555086116,0.2518173228851641,-2.60759826077651,3.456344305508885
-2.785417202132142,0.2505361339923514,-2.594896907822536,3.457240181449318
-2.772715849178169,0.2494671468458782,-2.582195554868562,3.458061434951226
-2.760014496224195,0.2486328537623463,-2.569494201914588,3.45872838301747
-2.747313143270221,0.2480447024146161,-2.556792848960614,3.459324695542091
-2.734611790316247,0.247687392825405,-2.544091496006641,3.460010927028876
-2.721910437362273,0.2475692894770141,-2.531390143052667,3.460546253489996
-2.7092090844083,0.2476838960754823,-2.518688790098693,3.461235709183347
-2.696507731454326,0.2480406582273866,-2.50598743714472,3.461963138680285
-2.683806378500352,0.2486498255457516,-2.493286084190746,3.462470448222907
-2.671105025546379,0.2495100680789583,-2.480584731236772,3.462830330116293
-2.658403672592405,0.2506127630379985,-2.467883378282799,3.463003179834373
-2.645702319638431,0.2519828336689764,-2.455182025328825,3.462981078104248
-2.633000966684457,0.253618389507119,-2.442480672374851,3.462968161164818
-2.620299613730484,0.2555318714834403,-2.429779319420877,3.463408046295058
-2.60759826077651,0.2577067131392237,-2.417077966466903,3.464175847494354
-2.594896907822536,0.2600798262767632,-2.404376613512929,3.464936986201656
-2.582195554868562,0.262651426164824,-2.391675260558956,3.465597353843204
-2.569494201914588,0.2653999660239291,-2.378973907604982,3.466235906110116
-2.556792848960614,0.2682976595590307,-2.366272554651008,3.467169480895811
-2.544091496006641,0.2713289128491602,-2.353571201697035,3.468397222321307
-2.531390143052667,0.2744895074677871,-2.340869848743061,3.469492081589073
-2.518688790098693,0.2777468374928104,-2.328168495789087,3.47035543003555
-2.50598743714472,0.2810409198356214,-2.315467142835114,3.470900226248623
-2.493286084190746,0.2843648390006458,-2.30276578988114,3.47130198445312
-2.480584731236772,0.2876898415441225,-2.290064436927166,3.471693679501561
-2.467883378282799,0.2909645135667696,-2.277363083973192,3.47146175835895
-2.455182025328825,0.2941613692169198,-2.264661731019218,3.470561067534986
-2.442480672374851,0.2972656852465668,-2.251960378065244,3.468822396268068
-2.429779319420877,0.300288925869776,-2.239259025111271,3.465974743559149
-2.417077966466903,0.3032351818057804,-2.226557672157297,3.461914160857976
-2.404376613512929,0.3060725967884441,-2.213856319203323,3.456725509805149
-2.391675260558956,0.3087427051060519,-2.20115496624935,3.450650570863594
-2.378973907604982,0.3112186979127209,-2.188453613295376,3.443281539870916
-2.366272554651008,0.3134959421339605,-2.175752260341402,3.434230204220334
-2.353571201697035,0.3155838391687942,-2.163050907387428,3.423450794435593
-2.340869848743061,0.3174680579947725,-2.150349554433455,3.411345920195661
-2.328168495789087,0.3191066009915525,-2.137648201479481,3.39833298229393
-2.315467142835114,0.3204997753822881,-2.124946848525507,3.384080328441939
-2.30276578988114,0.3217305488386951,-2.112245495571533,3.368514355864183
-2.290064436927166,0.3228096228535098,-2.099544142617559,3.35182260456531
-2.277363083973192,0.3237225240062606,-2.086842789663586,3.33370674410391
-2.264661731019218,0.3245446478677529,-2.074141436709612,3.314113175489361
-2.251960378065244,0.3252331295482209,-2.061440083755638,3.293131235082001
-2.239259025111271,0.3257427832394374,-2.048738730801665,3.27105562078073
-2.226557672157297,0.3260935610668319,-2.036037377847691,3.24808377713866
-2.213856319203323,0.3263097505376806,-2.023336024893717,3.224009954068382
-2.20115496624935,0.3264412591352849,-2.010634671939743,3.199162585613731
-2.188453613295376,0.3265050168899169,-1.99793331898577,3.174157924415715
-2.175752260341402,0.3265026299663379,-1.985231966031796,3.149298393869681
-2.163050907387428,0.3264624690814041,-1.972530613077822,3.124394644875439
-2.150349554433455,0.3264136244928962,-1.959829260123848,3.099380242951797
-2.137648201479481,0.3264486870103924,-1.947127907169874,3.074313791338303
-2.124946848525507,0.3265907875951848,-1.934426554215901,3.049282734379331
-2.112245495571533,0.3268419993395623,-1.921725201261927,3.024629241982509
-2.099544142617559,0.3272246282463316,-1.909023848307953,3.000786713944981
-2.086842789663586,0.3277158006734866,-1.89632249535398,2.977782341146213
-2.074141436709612,0.3283326710929227,-1.883621142400006,2.955447102626016
-2.061440083755638,0.3290916958424073,-1.870919789446032,2.933840537386571
-2.048738730801665,0.330017978010176,-1.858218436492058,2.913055825537795
-2.036037377847691,0.3311366561378655,-1.845517083538085,2.893171452035138
-2.023336024893717,0.332442310107719,-1.832815730584111,2.874262919418671
-2.010634671939743,0.3339569497088248,-1.820114377630137,2.856397128684904
-1.99793331898577,0.3357154289429294,-1.807413024676163,2.839870608733035
-1.985231966031796,0.3377281411110136,-1.794711671722189,2.824719616520607
-1.972530613077822,0.339958341827776,-1.782010318768216,2.810687402038766
-1.959829260123848,0.3423783818084022,-1.769308965814242,2.798005620757195
-1.947127907169874,0.3449773750307503,-1.756607612860268,2.786672895613154
-1.934426554215901,0.3477437693387896,-1.743906259906294,2.776530597815551
-1.921725201261927,0.3506816819034325,-1.731204906952321,2.767627315782309
-1.909023848307953,0.3537943331762299,-1.718503553998347,2.759889991915786
-1.89632249535398,0.3570532804734276,-1.705802201044373,2.753160940747014
-1.883621142400006,0.3604373738878015,-1.6931008480904,2.747615737950606
-1.870919789446032,0.3639349065460682,-1.680399495136426,2.743176218439483
-1.858218436492058,0.3675145903786936,-1.667698142182452,2.739524378849405
-1.845517083538085,0.3711492458035021,-1.654996789228478,2.737115786995686
-1.832815730584111,0.3748075119002582,-1.642295436274504,2.735857875283451
-1.820114377630137,0.3784728292701062,-1.629594083320531,2.734992378107796
-1.807413024676163,0.3821653448388938,-1.616892730366557,2.734393858117276
-1.794711671722189,0.3858683945953869,-1.604191377412583,2.734008941060738
-1.782010318768216,0.3895738791988855,-1.591490024458609,2.733651008114463
-1.769308965814242,0.393292242995528,-1.578788671504636,2.733154908774509
-1.756607612860268,0.3969672069129518,-1.566087318550662,2.732442114836478
-1.743906259906294,0.4006097255699355,-1.553385965596688,2.731422485348577
-1.731204906952321,0.404232641197961,-1.540684612642715,2.729913365967743
-1.718503553998347,0.4077848455892923,-1.527983259688741,2.728044535186403
-1.705802201044373,0.411238767366876,-1.515281906734767,2.725851789506131
-1.6931008480904,0.4146634112236855,-1.502580553780793,2.723248315771094
-1.680399495136426,0.4180717959690199,-1.489879200826819,2.720193567009711
-1.667698142182452,0.4213765470248806,-1.477177847872846,2.716819770690113
-1.654996789228478,0.4246172293260989,-1.464476494918872,2.712967382373797
-1.642295436274504,0.4277926701246308,-1.451775141964898,2.708415179758556
-1.629594083320531,0.4308242095411032,-1.439073789010924,2.703505470345577
-1.616892730366557,0.4336940796377932,-1.426372436056951,2.698163600432699
-1.604191377412583,0.4363947541620626,-1.413671083102977,2.692005541397401
-1.591490024458609,0.4389318608327907,-1.400969730149003,2.684877733556784
-1.578788671504636,0.4412922708990539,-1.388268377195029,2.677013028366891
-1.566087318550662,0.4434626822343198,-1.375567024241056,2.668538137659373
-1.553385965596688,0.4454345432177109,-1.362865671287082,2.659399581185009
-1.540684612642715,0.4471855896879287,-1.350164318333108,2.649807663338059
-1.527983259688741,0.4487134134312763,-1.337462965379134,2.640023988999523
-1.515281906734767,0.4500688978404024,-1.324761612425161,2.629771750456385
-1.502580553780793,0.4512679381016841,-1.312060259471187,2.618698312846827
-1.489879200826819,0.45227978952616,-1.299358906517213,2.607024405708354
-1.477177847872846,0.4530920213383705,-1.286657553563239,2.594932830268824
-1.464476494918872,0.4536472950821462,-1.273956200609266,2.582364323986704
-1.451775141964898,0.4539096456349615,-1.261254847655292,2.569228681409393
-1.439073789010924,0.4539396603277438,-1.248553494701318,2.555575012548533
-1.426372436056951,0.4537188712001142,-1.235852141747344,2.541752440160189
-1.413671083102977,0.4531687216434209,-1.223150788793371,2.527955254182434
-1.400969730149003,0.4522798720749263,-1.210449435839397,2.513948592324836
-1.388268377195029,0.4510755151304288,-1.197748082885423,2.499583157964574
-1.375567024241056,0.4496067152790771,-1.185046729931449,2.484955719320897
-1.362865671287082,0.4478774381035424,-1.172345376977476,2.470327898986142
-1.350164318333108,0.4458689183408174,-1.159644024023502,2.456066681925249
-1.337462965379134,0.4436445916796042,-1.146942671069528,2.441981535945844
-1.324761612425161,0.4411740837776776,-1.134241318115554,2.427768018602461
-1.312060259471187,0.4383730540644368,-1.121539965161581,2.41355206543403
-1.299358906517213,0.4352897912182241,-1.108838612207607,2.399476132174386
-1.286657553563239,0.4319439917663399,-1.096137259253633,2.385411191158012
-1.273956200609266,0.4283367960987353,-1.083435906299659,2.371310864598327
-1.261254847655292,0.4244761794871675,-1.070734553345686,2.357330842558739
-1.248553494701318,0.4203570497050321,-1.058033200391712,2.343278481329663
-1.235852141747344,0.4161035744889524,-1.045331847437738,2.329202884109097
-1.223150788793371,0.4117621354878289,-1.032630494483764,2.315364770811986
-1.210449435839397,0.4072486817608953,-1.01992914152979,2.301488574993778
-1.197748082885423,0.4025577308179774,-1.007227788575817,2.287224692522898
-1.185046729931449,0.3977192200994428,-0.994526435621843,2.272436344538454
-1.172345376977476,0.392772105209148,-0.9818250826678693,2.257185817973706
-1.159644024023502,0.3877556313756725,-0.9691237297138955,2.241390554505526
-1.146942671069528,0.3826747374328706,-0.9564223767599217,2.224758266222602
-1.134241318115554,0.3775234233230725,-0.943721023805948,2.20722675894767
-1.121539965161581,0.3723514616260988,-0.9310196708519742,2.188768223997236
-1.108838612207607,0.3672029262356877,-0.9183183178980005,2.169295947746652
-1.096137259253633,0.36206235686623,-0.9056169649440268,2.14885597685304
-1.083435906299659,0.3569544362377504,-0.892915611990053,2.127425047034825
-1.070734553345686,0.3519069727268158,-0.8802142590360792,2.105129355148356
-1.058033200391712,0.3468887918945322,-0.8675129060821055,2.081918857086573
-1.045331847437738,0.3419014296075104,-0.8548115531281317,2.057639051129293
-1.032630494483764,0.3370397499457791,-0.8421102001741579,2.032381671884623
-1.01992914152979,0.3323031438609431,-0.8294088472201842,2.005980775919722
-1.007227788575817,0.3275997442510752,-0.8167074942662105,1.978244608937871
-0.994526435621843,0.3229184622863368,-0.8040061413122367,1.949178348688343
-0.9818250826678693,0.31826745995621,-0.7913047883582629,1.918974732924528
-0.9691237297138955,0.3136412345243743,-0.7786034354042892,1.887748887825269
-0.9564223767599217,0.3090172857492694,-0.7659020824503154,1.855428034046002
-0.943721023805948,0.3043913128699575,-0.7532007294963417,1.822061746286301
-0.9310196708519742,0.2997591472609678,-0.740499376542368,1.787807420381758
-0.9183183178980005,0.2951094446781253,-0.7277980235883942,1.752713664979196
-0.9056169649440268,0.2904496504732435,-0.7150966706344204,1.716797908045163
-0.892915611990053,0.2857751556352494,-0.7023953176804467,1.680227977832436
-0.8802142590360792,0.2811245678340389,-0.6896939647264729,1.643169186057033
-0.8675129060821055,0.2764881741195311,-0.6769926117724991,1.605822479540966
-0.8548115531281317,0.2718198279102002,-0.6642912588185255,1.568351001748196
-0.8421102001741579,0.2671383420982859,-0.6515899058645517,1.530864425827392
-0.8294088472201842,0.2624114230122257,-0.6388885529105779,1.49345289633181
-0.8167074942662105,0.2576090630536621,-0.6261871999566042,1.456135746695529
-0.8040061413122367,0.2527583031795697,-0.6134858470026304,1.419120811336591
-0.7913047883582629,0.2478744311380573,-0.6007844940486566,1.382544067023337
-0.7786034354042892,0.2429644354678414,-0.5880831410946829,1.346570079636937
-0.7659020824503154,0.2380145698709659,-0.5753817881407092,1.311255097974748
-0.7532007294963417,0.2330126640997152,-0.5626804351867354,1.276612572078237
-0.740499376542368,0.2279666738008823,-0.5499790822327616,1.242752547698317
-0.7277980235883942,0.2228662228624779,-0.5372777292787879,1.209760821254428
-0.7150966706344204,0.2177193908726812,-0.5245763763248141,1.177655252306
-0.7023953176804467,0.2125563695540391,-0.5118750233708403,1.14650087413033
-0.6896939647264729,0.2073981942605084,-0.4991736704168666,1.116352546338548
-0.6769926117724991,0.2022625259249228,-0.4864723174628929,1.087166697954106
-0.6642912588185255,0.1971538912823353,-0.4737709645089191,1.058948021414715
-0.6515899058645517,0.1920804927443209,-0.4610696115549454,1.031681384891401
-0.6388885529105779,0.187052664716189,-0.4483682586009716,1.005348087571391
-0.6261871999566042,0.1820625886669538,-0.4356669056469978,0.9799141739279139
-0.6134858470026304,0.177142474222101,-0.4229655526930241,0.9553598004197641
-0.6007844940486566,0.1723003797074798,-0.4102641997390504,0.9317095914734438
-0.5880831410946829,0.1675350822770115,-0.3975628467850766,0.9089094886258591
-0.5753817881407092,0.1628562772142745,-0.3848614938311029,0.8869276885358656
-0.5626804351867354,0.1582646987910563,-0.3721601408771291,0.8656770620594346
-0.5499790822327616,0.1537709455442088,-0.3594587879231553,0.8451272472911169
-0.5372777292787879,0.1493810996202412,-0.3467574349691816,0.8255194259626759
-0.5245763763248141,0.1450938609510587,-0.3340560820152078,0.8067211383014523
-0.5118750233708403,0.1409209081637217,-0.3213547290612341,0.7883949645414637
-0.4991736704168666,0.1368745306244379,-0.3086533761072604,0.7705478632045221
-0.4864723174628929,0.1329398033461812,-0.2959520231532866,0.7532615721370501
-0.4737709645089191,0.1291077720413983,-0.2832506701993128,0.7364392891552992
-0.4610696115549454,0.1253753646330798,-0.270549317245339,0.7199770714354091
-0.4483682586009716,0.1217379305267888,-0.2578479642913653,0.7038578896134614
-0.4356669056469978,0.118191980123317,-0.2451466113373916,0.6880388953626272
-0.4229655526930241,0.1147318744270517,-0.2324452583834178,0.6725441819698236
-0.4102641997390504,0.11136006128751,-0.2197439054294441,0.6573853586710349
-0.3975628467850766,0.1080830687162893,-0.2070425524754703,0.6425438670145234
-0.3848614938311029,0.1048931091265394,-0.1943411995214965,0.6280562323960615
-0.3721601408771291,0.1017753244694884,-0.1816398465675228,0.6139732723456667
-0.3594587879231553,0.09872925673429123,-0.168938493613549,0.6003062612933053
-0.3467574349691816,0.09579688983071755,-0.1562371406595753,0.5870510279183931
-0.3340560820152078,0.09297068878021635,-0.1435357877056016,0.5742564342669441
-0.3213547290612341,0.09020197830210779,-0.1308344347516278,0.5620073183107311
-0.3086533761072604,0.08749655555062012,-0.118133081797654,0.550382973725711
-0.2959520231532866,0.08485925454654839,-0.1054317288436803,0.5393673642795756
-0.2832506701993128,0.08227875981110687,-0.09273037588970652,0.5289616117296696
-0.270549317245339,0.07975619937073039,-0.08002902293573277,0.5191891156042811
-0.2578479642913653,0.07729432073259111,-0.06732766998175901,0.5101167135753385
-0.2451466113373916,0.07489189586108869,-0.05462631702778526,0.5018023787430147
-0.2324452583834178,0.07255579515745847,-0.04192496407381151,0.4942229124960285
-0.2197439054294441,0.07029171229945347,-0.02922361111983775,0.487413995022623
-0.2070425524754703,0.06810187976405686,-0.016522258165864,0.4814129519715591
-0.1943411995214965,0.06599200364399543,-0.003820905211890248,0.4761984637586846
-0.1816398465675228,0.06397284588454268,0.008880447742083505,0.4718122946341402
-0.168938493613549,0.06205148565144337,0.02158180069605726,0.4683059983069265
-0.1562371406595753,0.06023046603767011,0.03428315365003101,0.4656728807544887
-0.1435357877056016,0.05851960978830612,0.04698450660400477,0.463894830537658
-0.1308344347516278,0.05692654911683694,0.05968585955797852,0.4629996806966882
-0.118133081797654,0.05545928845760664,0.07238721251195227,0.4630398198136597
-0.1054317288436803,0.05412305532269091,0.08508856546592603,0.4640915635753144
-0.09273037588970652,0.05292328556570411,0.09778991841989979,0.4661436525452152
-0.08002902293573277,0.05186438770908655,0.1104912713738735,0.4691720196995519
-0.06732766998175901,0.0509621479102742,0.1231926243278473,0.473245638890534
-0.05462631702778526,0.05022289590654896,0.135893977281821,0.4783868364983172
-0.04192496407381151,0.04964190934209566,0.1485953302357948,0.4845733890117215
-0.02922361111983775,0.04922037097701653,0.1612966831897685,0.4918364822004705
-0.016522258165864,0.04896103149192198,0.1739980361437423,0.500195318917778
-0.003820905211890248,0.04887757864208835,0.1866993890977161,0.5097276077857883
0.008880447742083505,0.04897252109509334,0.1994007420516898,0.5204473702181395
0.02158180069605726,0.04923565876393842,0.2121020950056636,0.5323446243908778
0.03428315365003101,0.04966886459875439,0.2248034479596373,0.545425401098541
0.04698450660400477,0.05027051886351123,0.2375048009136111,0.55965886248581
0.05968585955797852,0.05104229153623178,0.2502061538675848,0.5751599529934687
0.07238721251195227,0.05198620747571667,0.2629075068215586,0.5919231188661259
0.08508856546592603,0.05310623001948154,0.2756088597755323,0.6098110770040114
0.09778991841989979,0.05439794208853745,0.2883102127295061,0.628853245227163
0.1104912713738735,0.05585557183578196,0.3010115656834798,0.6490132499012657
0.1231926243278473,0.05747876479590479,0.3137129186374536,0.6702461413542183
0.135893977281821,0.05926646826492636,0.3264142715914273,0.6925082835183061
0.1485953302357948,0.06121560705377692,0.3391156245454011,0.715703256452318
0.1612966831897685,0.06332513641128013,0.3518169774993749,0.7398236537294201
0.1739980361437423,0.06559345072416689,0.3645183304533486,0.7648688178193783
0.1866993890977161,0.06802289609501307,0.3772196834073224,0.7907080924729347
0.1994007420516898,0.07061065759440208,0.3899210363612961,0.8171797778893083
0.2121020950056636,0.07335503182745942,0.4026223893152698,0.8441928361270739
0.2248034479596373,0.07625519715283495,0.4153237422692436,0.8716479130038927
0.2375048009136111,0.0793101365258197,0.4280250952232174,0.8994489785685489
0.2502061538675848,0.08252676879056721,0.4407264481771911,0.9274919602956941
0.2629075068215586,0.08590531251436746,0.4534278011311649,0.9557326606178912
0.2756088597755323,0.0894370035305721,0.4661291540851386,0.9840631634537147
0.2883102127295061,0.09312506198822505,0.4788305070391124,1.012421718384587
0.3010115656834798,0.09696828256650038,0.4915318599930861,1.040721596132464
0.3137129186374536,0.1010229580274428,0.5042332129470599,1.068831201374308
0.3264142715914273,0.1052881752745455,0.5169345659010336,1.096757868319754
0.3391156245454011,0.1097000304542775,0.5296359188550074,1.124350823137163
0.3518169774993749,0.1142579131056483,0.5423372718089812,1.15153952675789
0.3645183304533486,0.1189655685691579,0.5550386247629549,1.178336195319181
0.3772196834073224,0.1238151559709778,0.5677399777169286,1.204487266427554
0.3899210363612961,0.1287914244579595,0.5804413306709024,1.229827151527633
0.4026223893152698,0.1338874461047118,0.5931426836248761,1.254372147420347
0.4153237422692436,0.1390945056604039,0.6058440365788499,1.278042446895436
0.4280250952232174,0.1444041768514982,0.6185453895328237,1.300769304614601
0.4407264481771911,0.1498059195392225,0.6312467424867975,1.322524714894205
0.4534278011311649,0.1552875607212756,0.6439480954407711,1.343367332163155
0.4661291540851386,0.1608353414282875,0.6566494483947449,1.363348540719807
0.4788305070391124,0.166438017516323,0.6693508013487187,1.382306489937979
0.4915318599930861,0.172081539615102,0.6820521543026924,1.400210118797509
0.5042332129470599,0.1777589881114291,0.6947535072566662,1.41711475754341
0.5169345659010336,0.1834643303945374,0.70745486021064,1.432906243228806
0.5296359188550074,0.1891923498038401,0.7201562131646137,1.447488706898015
0.5423372718089812,0.1949321715543181,0.7328575661185874,1.460849327558585
0.5550386247629549,0.200645842590015,0.7455589190725612,1.473037614979349
0.5677399777169286,0.2062909923197393,0.7582602720265349,1.484210245580193
0.5804413306709024,0.2118420471938873,0.7709616249805087,1.494421055200006
0.5931426836248761,0.2172869011321086,0.7836629779344825,1.50353087972253
0.6058440365788499,0.222609332284077,0.7963643308884563,1.51148938948822
0.6185453895328237,0.2278005139452438,0.8090656838424299,1.518472846819749
0.6312467424867975,0.2328675686066255,0.8217670367964037,1.524485342089492
0.6439480954407711,0.2378257861261217,0.8344683897503775,1.529574122374759
0.6566494483947449,0.2426319318656239,0.8471697427043512,1.533771503377706
0.6693508013487187,0.2472285349149475,0.859871095658325,1.537159659768935
0.6820521543026924,0.251600423844777,0.8725724486122988,1.539772480575911
0.6947535072566662,0.2557287057113279,0.8852738015662724,1.541530836905416
0.70745486021064,0.2596318609868682,0.8979751545202462,1.542575827608663
0.7201562131646137,0.2633380648656062,0.91067650747422,1.542863080311166
0.7328575661185874,0.2668261715291334,0.9233778604281937,1.542518494618015
0.7455589190725612,0.2700534016263417,0.9360792133821675,1.541668866668312
0.7582602720265349,0.2730086398433406,0.9487805663361413,1.540208810269148
0.7709616249805087,0.2757043924707676,0.961481919290115,1.538284320504274
0.7836629779344825,0.2781309160064365,0.9741832722440887,1.536090565153942
0.7963643308884563,0.2803015939863078,0.9868846251980625,1.533485377527407
0.8090656838424299,0.2822538328880665,0.9995859781520362,1.530402199929726
0.8217670367964037,0.2839653981438906,1.01228733110601,1.526973465298134
0.8344683897503775,0.2854252082914317,1.024988684059984,1.523179390444789
0.8471697427043512,0.2866396057612637,1.037690037013958,1.51902192655868
0.859871095658325,0.2876302748009603,1.050391389967931,1.514711648257171
0.8725724486122988,0.2884056639188617,1.063092742921905,1.51034064709159
0.8852738015662724,0.2889670067020573,1.075794095875879,1.505845873905648
0.8979751545202462,0.2893560015124382,1.088495448829853,1.501175410398044
0.91067650747422,0.2895649442727802,1.101196801783826,1.496331884364238
0.9233778604281937,0.2895804702852727,1.1138981547378,1.491481783687686
0.9360792133821675,0.2894388480201802,1.126599507691774,1.486686027833615
0.9487805663361413,0.2891437926889257,1.139300860645748,1.481874477121543
0.961481919290115,0.2887063660913617,1.152002213599721,1.477043888546364
0.9741832722440887,0.2881414593373108,1.164703566553695,1.472190148601194
0.9868846251980625,0.287418700252923,1.177404919507669,1.467334351907867
0.9995859781520362,0.2865515872144868,1.190106272461643,1.462445646899844
1.01228733110601,0.2855662726334303,1.202807625415616,1.457444987604571
1.024988684059984,0.2844496741733819,1.21550897836959,1.452597675414765
1.037690037013958,0.2831902594966351,1.228210331323564,1.448132313472551
1.050391389967931,0.2818023404548582,1.240911684277538,1.443758827020008
1.063092742921905,0.280294587124561,1.253613037231511,1.439216727043494
1.075794095875879,0.2786771952561571,1.266314390185485,1.434522008141642
1.088495448829853,0.2769518682874962,1.279015743139459,1.42972389927601
1.101196801783826,0.2751342620457908,1.291717096093433,1.424794926669971
1.1138981547378,0.2733143285534397,1.304418449047406,1.419784297137628
1.126599507691774,0.2714904837199288,1.31711980200138,1.414687075838887
1.139300860645748,0.2695841571113369,1.329821154955354,1.409400641356714
1.152002213599721,0.2675846138196882,1.342522507909328,1.403853919416995
1.164703566553695,0.2655039948481555,1.355223860863301,1.397970718976388
1.177404919507669,0.2633452594046426,1.367925213817275,1.391773678382088
1.190106272461643,0.2611064123147014,1.380626566771249,1.385362819672543
1.202807625415616,0.2587907560134117,1.393327919725223,1.378795462039372
1.21550897836959,0.2564499656462351,1.406029272679196,1.372380232455611
1.228210331323564,0.254140762057517,1.41873062563317,1.366095507640289
1.240911684277538,0.2518284601540108,1.431431978587144,1.359508204245326
1.253613037231511,0.2494734998819403,1.444133331541118,1.35258879947103
1.266314390185485,0.2470913807242836,1.456834684495092,1.345409865010417
1.279015743139459,0.244702860880417,1.469536037449065,1.337986808858068
1.291717096093433,0.2423162429754831,1.482237390403039,1.330286405565466
1.304418449047406,0.2399622161249322,1.494938743357013,1.32225412569615
1.31711980200138,0.2376525097584553,1.507640096310986,1.313871264036082
1.329821154955354,0.2353809019253695,1.52034144926496,1.305168200365481
1.342522507909328,0.2331602052171283,1.533042802218934,1.296194369802241
1.355223860863301,0.2309969893040638,1.545744155172908,1.287053802958005
1.367925213817275,0.2289106277032803,1.558445508126881,1.277891974285197
1.380626566771249,0.2269611494960012,1.571146861080855,1.268719145243437
1.393327919725223,0.2251744693677771,1.583848214034829,1.259461889692282
1.406029272679196,0.2235760966844897,1.596549566988803,1.250050122100341
1.41873062563317,0.2221748945018514,1.609250919942777,1.240527747497614
1.431431978587144,0.2209277413763487,1.62195227289675,1.230995826629137
1.444133331541118,0.2198387021373907,1.634653625850724,1.221517253340144
1.456834684495092,0.2189230507283885,1.647354978804698,1.212062338715718
1.469536037449065,0.2181927001292078,1.660056331758671,1.202636699269944
1.482237390403039,0.2176652241031706,1.672757684712645,1.193268517404579
1.494938743357013,0.2173468204961269,1.685459037666619,1.183908328049105
1.507640096310986,0.2172331780233262,1.698160390620593,1.174770666027089
1.52034144926496,0.2173310783915085,1.710861743574566,1.165923720565548
1.533042802218934,0.2176474302691039,1.72356309652854,1.157301568162117
1.545744155172908,0.2181890687534719,1.736264449482514,1.148871453809398
1.558445508126881,0.2189726572598029,1.748965802436488,1.140550041663343
1.571146861080855,0.2200103335653733,1.761667155390462,1.132379421092764
1.583848214034829,0.221294556806534,1.774368508344435,1.124391398499137
1.596549566988803,0.222804906517204,1.787069861298409,1.116715190539995
1.609250919942777,0.2245606962446151,1.799771214252383,1.109379440251423
1.62195227289675,0.2265606480154838,1.812472567206356,1.102375183661707
1.634653625850724,0.2287691559359296,1.82517392016033,1.095832263802132
1.647354978804698,0.2311776233524432,1.837875273114304,1.089689374103935
1.660056331758671,0.2337924956231527,1.850576626068278,1.083842177958106
1.672757684712645,0.236627898348298,1.863277979022252,1.078329013204348
1.685459037666619,0.2396665404808727,1.875979331976225,1.073176509796042
1.698160390620593,0.2429230140197056,1.888680684930199,1.068357089844427
1.710861743574566,0.2463895700498217,1.901382037884173,1.06391178261579
1.72356309652854,0.2500167368142961,1.914083390838147,1.059849958510647
1.736264449482514,0.2537853472412437,1.92678474379212,1.056128843655388
1.748965802436488,0.257675647500957,1.939486096746094,1.052867821452182
1.761667155390462,0.2616836968412076,1.952187449700068,1.05003895197534
1.774368508344435,0.2657998207040567,1.964888802654041,1.047420095268555
1.787069861298409,0.2700046487126622,1.977590155608015,1.044949940258683
1.799771214252383,0.2742865884290315,1.990291508561989,1.042591900308056
1.812472567206356,0.2786675600348231,2.002992861515963,1.04029989967087
1.82517392016033,0.2832025347376966,2.015694214469936,1.038032733631554
1.837875273114304,0.2878508726110513,2.02839556742391,1.035735361529061
1.850576626068278,0.2925315723136094,2.041096920377884,1.033405790899664
1.863277979022252,0.2972277530134763,2.053798273331858,1.031027642000363
1.875979331976225,0.3019451532130471,2.066499626285832,1.028619667558157
1.888680684930199,0.3066684400576966,2.079200979239805,1.026156759944644
1.901382037884173,0.3113689519670622,2.091902332193779,1.023639651183541
1.914083390838147,0.3160369679638155,2.104603685147753,1.021024128726626
1.92678474379212,0.3206626576618449,2.117305038101727,1.018238276763384
1.939486096746094,0.3253139773053922,2.1300063910557,1.015328736147465
1.952187449700068,0.3299678680714313,2.142707744009674,1.012297437566769
1.964888802654041,0.3345188262097404,2.155409096963648,1.009022668116914
1.977590155608015,0.3389583089315504,2.168110449917621,1.00536435108489
1.990291508561989,0.3432699733378162,2.180811802871595,1.001431490632815
2.002992861515963,0.3474460803836326,2.193513155825569,0.9972168852642322
2.015694214469936,0.3514739495883081,2.206214508779543,0.992641520961843
2.02839556742391,0.3553276990226122,2.218915861733517,0.9877821866014181
2.041096920377884,0.3590051517220667,2.23161721468749,0.9826268091253401
2.053798273331858,0.362536442626187,2.244318567641464,0.9772334586109167
2.066499626285832,0.3659060156913459,2.257019920595438,0.9717032157190061
2.079200979239805,0.3690809854721008,2.269721273549412,0.9659910439700925
2.091902332193779,0.3721570546417041,2.282422626503385,0.960042703911533
2.104603685147753,0.3751353116308313,2.295123979457359,0.954012384019012
2.117305038101727,0.3779755349447707,2.307825332411333,0.9479342779733736
2.1300063910557,0.3806957532584927,2.320526685365307,0.9417648464488143
2.142707744009674,0.3833220950728037,2.33322803831928,0.935580796358288
2.155409096963648,0.3858533086612953,2.345929391273254,0.9293618942770006
2.168110449917621,0.3882288298570977,2.358630744227228,0.9231833512448751
2.180811802871595,0.3905084403245777,2.371332097181202,0.9170777082679572
2.193513155825569,0.3927034913347109,2.384033450135175,0.9110416716258076
2.206214508779543,0.3948159721347526,2.396734803089149,0.9051317486155545
2.218915861733517,0.3968940105723628,2.409436156043123,0.8993987205357249
2.23161721468749,0.3989473415024646,2.422137508997097,0.8939130917763484
2.244318567641464,0.4010107713229503,2.434838861951071,0.888684738713317
2.257019920595438,0.4031232129730262,2.447540214905044,0.8837104517097192
2.269721273549412,0.4053146553177897,2.460241567859018,0.8790223866389789
2.282422626503385,0.4075991858542573,2.472942920812992,0.8745986843646756
2.295123979457359,0.4100037410778015,2.485644273766965,0.8704465557617488
2.307825332411333,0.4125577496619793,2.498345626720939,0.8666329715503455
2.320526685365307,0.415318903745815,2.511046979674913,0.8631652428162256
2.33322803831928,0.4183575725227762,2.523748332628887,0.8600038069771723
2.345929391273254,0.4216504733231904,2.53644968558286,0.8571049397391993
2.358630744227228,0.4251928651528366,2.549151038536834,0.8545137967591903
2.371332097181202,0.4290084836399318,2.561852391490808,0.8522575763437785
2.384033450135175,0.4331416163398345,2.574553744444782,0.8503866601835778
2.396734803089149,0.4376408145841575,2.587255097398756,0.8489444235478504
2.409436156043123,0.4425263288490881,2.599956450352729,0.8479956744045041
2.422137508997097,0.4478050159212474,2.612657803306703,0.8475355038683424
2.434838861951071,0.4534750809473493,2.625359156260677,0.8474490380372103
2.447540214905044,0.4595477349902306,2.63806050921465,0.8477495468402085
2.460241567859018,0.4660640189751078,2.650761862168624,0.848448396796627
2.472942920812992,0.4730218350046476,2.663463215122598,0.8495379391179887
2.485644273766965,0.480402119850957,2.676164568076572,0.8510782419710692
2.498345626720939,0.4882279001877705,2.688865921030545,0.8530363034885833
2.511046979674913,0.4965244827531529,2.701567273984519,0.8553752342434899
2.523748332628887,0.5052830074403177,2.714268626938493,0.8581394639738404
2.53644968558286,0.5144648000958979,2.726969979892467,0.8613089148154173
2.549151038536834,0.524108598825307,2.739671332846441,0.8648498818118923
2.561852391490808,0.5342270961138539,2.752372685800414,0.8688706290545086
2.574553744444782,0.5448038350429542,2.765074038754388,0.8735068105795152
2.587255097398756,0.5558869406768759,2.777775391708362,0.8786569518767116
2.599956450352729,0.5675306399690346,2.790476744662335,0.8842080945721524
2.612657803306703,0.579695788122285,2.803178097616309,0.8901557849234155
2.625359156260677,0.592299236545245,2.815879450570283,0.8964886259171118
2.63806050921465,0.6053121512572239,2.828580803524257,0.9031927526874731
2.650761862168624,0.6187353437580105,2.841282156478231,0.9103332466134669
2.663463215122598,0.6325726496168563,2.853983509432204,0.917898223342558
2.676164568076572,0.646889800166088,2.866684862386178,0.9258485362048905
2.688865921030545,0.6616541054592359,2.879386215340152,0.9342280295660466
2.701567273984519,0.6767952684858529,2.892087568294126,0.9429013960927761
2.714268626938493,0.6923581784540209,2.904788921248099,0.951763115838018
2.726969979892467,0.7083027384630732,2.917490274202073,0.9608218991769585
2.739671332846441,0.7245562044782206,2.930191627156047,0.9699966241650884
2.752372685800414,0.7411622331336411,2.94289298011002,0.9791602949366517
2.765074038754388,0.7581818288465128,2.955594333063994,0.9882849587653588
2.777775391708362,0.7755295258118384,2.968295686017968,0.9972721642105918
2.790476744662335,0.7931188301153325,2.980997038971942,1.006040329085034
2.803178097616309,0.8109205963059984,2.993698391925916,1.01450364720775
2.815879450570283,0.8288969310797099,3.006399744879889,1.022607691390657
2.828580803524257,0.8470114215343721,3.019101097833863,1.03028085892632
2.841282156478231,0.8653140130209646,3.031802450787837,1.03735233122572
2.853983509432204,0.8837893623876332,3.044503803741811,1.043766257836746
2.866684862386178,0.9023901208233227,3.057205156695784,1.049484287842842
2.879386215340152,0.9211395518369846,3.069906509649758,1.054410470563466
2.892087568294126,0.9398732029796295,3.082607862603732,1.058521205505629
2.904788921248099,0.9585164800971223,3.095309215557705,1.061801864918864
2.917490274202073,0.9770286493676393,3.108010568511679,1.064401507323258
2.930191627156047,0.9952625212385703,3.120711921465653,1.066320803111958
2.94289298011002,1.013088896591178,3.133413274419627,1.067300169704607
2.955594333063994,1.030471713234343,3.146114627373601,1.067371624663681
2.968295686017968,1.047311739344575,3.158815980327574,1.066624241241087
2.980997038971942,1.06349750256109,3.171517333281548,1.065052401714211
2.993698391925916,1.078932523270152,3.184218686235522,1.062640748296061
3.006399744879889,1.093474744110412,3.196920039189496,1.059447303645116
3.019101097833863,1.107053297507861,3.20962139214347,1.055587240376981
3.031802450787837,1.119541942071129,3.222322745097443,1.0511400112643
3.044503803741811,1.130832926553344,3.235024098051417,1.046090128450468
3.057205156695784,1.140860739290185,3.247725451005391,1.040353801002118
3.069906509649758,1.149559626985775,3.260426803959364,1.033940507173499
3.082607862603732,1.156930947783811,3.273128156913338,1.026903546542259
3.095309215557705,1.162989798261868,3.285829509867312,1.019375132908197
3.108010568511679,1.167978711767255,3.298530862821286,1.011422030510684
3.120711921465653,1.171854305598729,3.311232215775259,1.00302631569617
3.133413274419627,1.174326559404881,3.323933568729233,0.9942499900981086
3.146114627373601,1.175475083136448,3.336634921683207,0.9851564666537072
3.158815980327574,1.175346573999563,3.349336274637181,0.9758460597239199
3.171517333281548,1.173946473188493,3.362037627591155,0.9663988589288833
3.184218686235522,1.17122062219771,3.374738980545128,0.95681575237601
3.196920039189496,1.167226820230355,3.387440333499102,0.9470799286705671
3.20962139214347,1.162054819548416,3.400141686453076,0.9372326318827926
3.222322745097443,1.155770689754688,3.412843039407049,0.9272934393897492
3.235024098051417,1.148488828386941,3.425544392361023,0.9173534411686852
3.247725451005391,1.140169275569992,3.438245745314997,0.9074565003885504
3.260426803959364,1.130828523810658,3.450947098268971,0.8976069002117693
3.273128156913338,1.120536619025691,3.463648451222944,0.887762368240447
3.285829509867312,1.109404220352689,3.476349804176918,0.8779269058115633
3.298530862821286,1.097528411487981,3.489051157130892,0.8681289643407446
3.311232215775259,1.084942715899919,3.501752510084866,0.8582738715522548
3.323933568729233,1.071745695667427,3.51445386303884,0.8483927706204618
3.336634921683207,1.058119791627205,3.527155215992813,0.8385548019186484
3.349336274637181,1.044229790045851,3.539856568946787,0.8286483829735698
3.362037627591155,1.03008428190475,3.552557921900761,0.8185325147413559
3.374738980545128,1.015724582025914,3.565259274854734,0.8082077927970073
3.387440333499102,1.001219421499001,3.577960627808708,0.7977202082672662
3.400141686453076,0.9866440289583911,3.590661980762682,0.7870436497153095
3.412843039407049,0.97205986395205,3.603363333716656,0.7761483285507506
3.425544392361023,0.9576558493249657,3.616064686670629,0.765190813754174
3.438245745314997,0.9435083172290509,3.628766039624603,0.7541201025069049
3.450947098268971,0.9295549125494854,3.641467392578577,0.7428099482362354
3.463648451222944,0.9157932914402842,3.654168745532551,0.7313440267603416
3.476349804176918,0.9022025386309194,3.666870098486525,0.7196954681442281
3.489051157130892,0.888822247503088,3.679571451440498,0.7077935066490269
3.501752510084866,0.8756976148186197,3.692272804394472,0.6956585239856534
3.51445386303884,0.8629013614794162,3.704974157348446,0.6833017907225092
3.527155215992813,0.8505010766964989,3.717675510302419,0.6707169940475777
3.539856568946787,0.8383994730014198,3.730376863256393,0.6580154583061838
3.552557921900761,0.8265097557807989,3.743078216210367,0.645217810758457
3.565259274854734,0.814822937086469,3.755779569164341,0.6322434934706996
3.577960627808708,0.8033359786610025,3.768480922118314,0.6190989116078636
3.590661980762682,0.792075341137897,3.781182275072288,0.6058940540756238
3.603363333716656,0.7809589970202799,3.793883628026262,0.5926626457215979
3.616064686670629,0.7700040251161326,3.806584980980236,0.5793472232701874
3.628766039624603,0.7591793409842805,3.81928633393421,0.5659806614403928
3.641467392578577,0.7484193090362392,3.831987686888183,0.5526011613327609
3.654168745532551,0.7377494179793603,3.844689039842157,0.5392028059217192
3.666870098486525,0.7271001112694414,3.857390392796131,0.5257290299876923
3.679571451440498,0.716399122985849,3.870091745750104,0.5121593117309333
3.692272804394472,0.7056891637736958,3.882793098704078,0.4984940674616771
3.704974157348446,0.6949483039450415,3.895494451658052,0.4847169992262555
3.717675510302419,0.6840878765078166,3.908195804612026,0.4708283652091079
3.730376863256393,0.6731109189387734,3.920897157565999,0.4568328957097377
3.743078216210367,0.6619973058579228,3.933598510519973,0.442811963688647
3.755779569164341,0.6507054404906444,3.946299863473947,0.4287733144329976
3.768480922118314,0.6392175141546193,3.959001216427921,0.4146441724254359
3.781182275072288,0.6276647837227574,3.971702569381895,0.4004912788518178
3.793883628026262,0.6160991566361586,3.984403922335869,0.3863264817419092
3.806584980980236,0.6043755173535835,3.997105275289842,0.3722630493766139
3.81928633393421,0.5924620196530861,4.009806628243815,0.3583142688810569
3.831987686888183,0.5804220574892218,4.02250798119779,0.3443393723287796
3.844689039842157,0.5683132039914086,4.035209334151763,0.3303538649320219
3.857390392796131,0.5560388343762489,4.047910687105737,0.3164462859639065
3.870091745750104,0.5435266569498342,4.060612040059711,0.3026373482590007
3.882793098704078,0.5307723595893165,4.073313393013684,0.288888085151803
3.895494451658052,0.517733056335538,4.086014745967658,0.2752263867586495
3.908195804612026,0.5044109747331407,4.098716098921632,0.2616811376640897
3.920897157565999,0.4908167437072971,4.111417451875606,0.2482821901140896
3.933598510519973,0.4769737938039659,4.124118804829579,0.2350597732307596
3.946299863473947,0.4628991332877654,4.136820157783554,0.222045541069503
3.959001216427921,0.4486001658251184,4.149521510737527,0.2093079022372293
3.971702569381895,0.4341452555378431,4.1622228636915,0.196901363840223
3.984403922335869,0.4195603992059135,4.174924216645475,0.184817904614753
3.997105275289842,0.4050165783422924,4.187625569599448,0.1730605553522261
4.009806628243815,0.3905416784636583,4.200326922553422,0.1616553193326175
4.02250798119779,0.3759779951525691,4.213028275507396,0.1506243886996341
4.035209334151763,0.3613529880960923,4.22572962846137,0.139991070431689
4.047910687105737,0.3467387398781627,4.238430981415343,0.1297723885948017
4.060612040059711,0.3321637893499451,4.251132334369317,0.1199842466200152
4.073313393013684,0.3176294216885032,4.263833687323291,0.110638887405185
4.086014745967658,0.3031707995784781,4.276535040277264,0.1017457839132568
4.098716098921632,0.2888225270691139,4.289236393231239,0.09331165505271113
4.111417451875606,0.2746200127833676,4.301937746185212,0.08534030018167446
4.124118804829579,0.2605953579614765,4.314639099139185,0.07783143753389965
4.136820157783554,0.2467840563681464,4.32734045209316,0.07078213197966499
4.149521510737527,0.2332784988716465,4.340041805047133,0.06418744137108287
4.1622228636915,0.2201600960013418,4.352743158001108,0.05803809162139056
4.174924216645475,0.2073956602035509,4.365444510955081,0.05232564635572631
4.187625569599448,0.194958848648169,4.378145863909055,0.04703612640774341
4.200326922553422,0.1828737851651185,4.390847216863029,0.04215707753834821
4.213028275507396,0.1711602794460569,4.403548569817002,0.03767000899840113
4.22572962846137,0.1598388126126626,4.416249922770976,0.03355997408531676
4.238430981415343,0.148925072059113,4.42895127572495,0.02980773562730436
4.251132334369317,0.138433254537654,4.441652628678924,0.02639355054351647
4.263833687323291,0.1283741610441443,4.454353981632897,0.02329817401497433
4.276535040277264,0.1187583170250773,4.467055334586871,0.02050349413156283
4.289236393231239,0.1095928731216941,4.479756687540845,0.01798769401006318
4.301937746185212,0.1008808937206753,4.492458040494818,0.0157309457971388
4.314639099139185,0.09262482252177776,4.505159393448793,0.01371339865186993
4.32734045209316,0.08482324189028964,4.517860746402766,0.01191730133643852
4.340041805047133,0.07747412419984442,4.53056209935674,0.01032293629200033
4.352743158001108,0.07057004507251838,4.543263452310714,0.008911856289970739
4.365444510955081,0.06410760415533498,4.555964805264687,0.007670548575175644
4.378145863909055,0.0580752906271643,4.568666158218661,0.00658022978304377
4.390847216863029,0.05246351030587728,4.581367511172635,0.005626005937416479
4.403548569817002,0.04725851721532576,4.594068864126609,0.004795070596698232
4.416249922770976,0.04244685631654681,4.606770217080582,0.004073413468663188
4.42895127572495,0.03801289448942651,4.619471570034556,0.003448701278697907
4.441652628678924,0.03394069006755181,4.63217292298853,0.002910233118396125
4.454353981632897,0.03021314199334024,4.644874275942503,0.00244759729581751
4.467055334586871,0.02681446713267597,4.657575628896478,0.002050545871693149
4.479756687540845,0.02372411790608554,4.670276981850451,0.001712962402293976
4.492458040494818,0.02092500751509195,4.682978334804425,0.001426135863459368
4.505159393448793,0.01839727361044379,4.695679687758399,0.001183269261063925
4.517860746402766,0.01612354279744126,4.708381040712372,0.0009773788016568276
4.53056209935674,0.01408578596919203,4.721082393666346,0.0008051703940725072
4.543263452310714,0.01226469968732647,4.73378374662032,0.0006609524133757246
4.555964805264687,0.01064492640682953,4.746485099574294,0.0005403920545439493
4.568666158218661,0.009207988073064756,4.759186452528267,0.0004400966270855476
4.581367511172635,0.007938364263281292,4.771887805482241,0.0003572874243098144
4.594068864126609,0.006821242351485599,4.784589158436215,0.0002893973588955489
4.606770217080582,0.005841415662371274,4.797290511390188,0.0002333684176745355
4.619471570034556,0.004984524940714919,4.809991864344163,0.0001876845081156952
4.63217292298853,0.004239340984836083,4.822693217298136,0.0001503993213423196
4.644874275942503,0.003593042988929595,4.83539457025211,0.0001200852093790275
4.657575628896478,0.003034381029163257,4.848095923206084,9.553323071965248e-005
4.670276981850451,0.002553807745834166,6.15633527746538,0
4.682978334804425,0.002141740319495421,,
4.695679687758399,0.001789769783306324,,
4.708381040712372,0.001488755781178463,,
4.721082393666346,0.001234591978696315,,
4.73378374662032,0.001020644266734998,,
4.746485099574294,0.0008402962822190068,,
4.759186452528267,0.0006888014245276546,,
4.771887805482241,0.0005621731083517555,,
4.784589158436215,0.0004581855463434982,,
4.797290511390188,0.0003715484609037597,,
4.809991864344163,0.0003005917975110734,,
4.822693217298136,0.0002422704140006568,,
4.83539457025211,0.0001945275554074318,,
4.848095923206084,0.0001556020697815627,,
4.860797276160057,0.0001238600732659882,,
4.873498629114031,9.833105428026989e-005,,
6.15633527746538,0,,
