5.000000	58.930408	-3231.073486	-3231.073486	-3231.073485	0.000000	0.000000	-3231.073485
45.000000	58.930408	-3231.073486	-3231.073486	-3231.073459	0.000002	0.000003	-3231.073530
85.000000	58.930408	-3231.073486	-3231.073486	-3231.073369	0.000003	0.000006	-3231.073620
125.000000	58.930408	-3231.073486	-3231.073486	-3231.073223	0.000004	0.000009	-3231.073767
165.000000	58.930408	-3231.073486	-3231.073486	-3231.073022	0.000006	0.000012	-3231.073969
205.000000	58.930408	-3231.073486	-3231.073486	-3231.072765	0.000007	0.000014	-3231.074226
245.000000	58.930408	-3231.073486	-3231.073486	-3231.072453	0.000009	0.000017	-3231.074540
285.000000	58.930408	-3231.073486	-3231.073486	-3231.072086	0.000010	0.000020	-3231.074908
325.000000	58.930408	-3231.073486	-3231.073486	-3231.071663	0.000011	0.000023	-3231.075333
365.000000	58.930408	-3231.073486	-3231.073486	-3231.071183	0.000013	0.000025	-3231.075812
405.000000	58.930408	-3231.073486	-3231.073486	-3231.070647	0.000014	0.000028	-3231.076348
445.000000	58.930408	-3231.073486	-3231.073486	-3231.070054	0.000015	0.000031	-3231.076939
485.000000	58.930408	-3231.073486	-3231.073486	-3231.069402	0.000017	0.000034	-3231.077586
525.000000	58.930408	-3231.073486	-3231.073486	-3231.068690	0.000018	0.000037	-3231.078289
565.000000	58.930408	-3231.073486	-3231.073486	-3231.067917	0.000020	0.000039	-3231.079050
605.000000	58.930408	-3231.073486	-3231.073486	-3231.067080	0.000021	0.000042	-3231.079867
645.000000	58.930408	-3231.073486	-3231.073486	-3231.066179	0.000023	0.000045	-3231.080741
685.000000	58.930408	-3231.073486	-3231.073486	-3231.065210	0.000024	0.000048	-3231.081674
725.000000	58.930408	-3231.073486	-3231.073486	-3231.064173	0.000026	0.000051	-3231.082667
765.000000	58.930408	-3231.073486	-3231.073486	-3231.063063	0.000027	0.000053	-3231.083717
805.000000	58.930408	-3231.073486	-3231.073486	-3231.061880	0.000029	0.000056	-3231.084827
845.000000	58.930408	-3231.073486	-3231.073486	-3231.060620	0.000030	0.000059	-3231.085999
885.000000	58.930408	-3231.073486	-3231.073486	-3231.059282	0.000032	0.000062	-3231.087233
925.000000	58.930408	-3231.073486	-3231.073486	-3231.057863	0.000033	0.000065	-3231.088528
965.000000	58.930408	-3231.073486	-3231.073486	-3231.056359	0.000035	0.000067	-3231.089886
1005.000000	58.930408	-3231.073486	-3231.073486	-3231.054770	0.000036	0.000070	-3231.091308
1045.000000	58.930408	-3231.073486	-3231.073486	-3231.053092	0.000038	0.000073	-3231.092796
1085.000000	58.930408	-3231.073486	-3231.073486	-3231.051324	0.000040	0.000076	-3231.094348
1125.000000	58.930408	-3231.073486	-3231.073486	-3231.049462	0.000041	0.000078	-3231.095966
1165.000000	58.930408	-3231.073486	-3231.073486	-3231.047504	0.000043	0.000081	-3231.097655
1205.000000	58.930408	-3231.073486	-3231.073486	-3231.045449	0.000045	0.000084	-3231.099410
1245.000000	58.930408	-3231.073486	-3231.073486	-3231.043293	0.000047	0.000087	-3231.101233
1285.000000	58.930408	-3231.073486	-3231.073486	-3231.041035	0.000048	0.000090	-3231.103127
1325.000000	58.930408	-3231.073486	-3231.073486	-3231.038672	0.000050	0.000092	-3231.105098
1365.000000	58.930408	-3231.073486	-3231.073486	-3231.036202	0.000052	0.000095	-3231.107136
1405.000000	58.930408	-3231.073486	-3231.073486	-3231.033623	0.000054	0.000098	-3231.109248
1445.000000	58.930408	-3231.073486	-3231.073486	-3231.030932	0.000056	0.000101	-3231.111439
1485.000000	58.930408	-3231.073486	-3231.073486	-3231.028128	0.000058	0.000104	-3231.113706
1525.000000	58.930408	-3231.073486	-3231.073486	-3231.025207	0.000060	0.000106	-3231.116047
1565.000000	58.930408	-3231.073486	-3231.073486	-3231.022168	0.000062	0.000109	-3231.118466
1605.000000	58.930408	-3231.073486	-3231.073486	-3231.019009	0.000064	0.000112	-3231.120969
1645.000000	58.930408	-3231.073486	-3231.073486	-3231.015726	0.000066	0.000115	-3231.123554
1685.000000	58.930408	-3231.073486	-3231.073486	-3231.012318	0.000068	0.000118	-3231.126217
1725.000000	58.930408	-3231.073486	-3231.073486	-3231.008783	0.000070	0.000120	-3231.128964
1765.000000	58.930408	-3231.073486	-3231.073486	-3231.005117	0.000072	0.000123	-3231.131799
1805.000000	58.930408	-3231.073486	-3231.073486	-3231.001320	0.000074	0.000126	-3231.134721
1845.000000	58.930408	-3231.073486	-3231.073486	-3230.997387	0.000076	0.000129	-3231.137724
1885.000000	58.930408	-3231.073486	-3231.073486	-3230.993317	0.000078	0.000131	-3231.140815
1925.000000	58.930408	-3231.073486	-3231.073486	-3230.989107	0.000080	0.000134	-3231.144005
1965.000000	58.930408	-3231.073486	-3231.073486	-3230.984756	0.000083	0.000137	-3231.147274
5.000000	59.537941	-3231.107666	-3231.107666	-3231.107666	0.000000	0.000000	-3231.107666
45.000000	59.537941	-3231.107666	-3231.107666	-3231.107629	0.000002	0.000003	-3231.107700
85.000000	59.537941	-3231.107666	-3231.107666	-3231.107538	0.000003	0.000006	-3231.107792
125.000000	59.537941	-3231.107666	-3231.107666	-3231.107391	0.000004	0.000009	-3231.107940
165.000000	59.537941	-3231.107666	-3231.107666	-3231.107187	0.000006	0.000012	-3231.108144
205.000000	59.537941	-3231.107666	-3231.107666	-3231.106928	0.000007	0.000014	-3231.108404
245.000000	59.537941	-3231.107666	-3231.107666	-3231.106612	0.000009	0.000017	-3231.108720
285.000000	59.537941	-3231.107666	-3231.107666	-3231.106240	0.000010	0.000020	-3231.109093
325.000000	59.537941	-3231.107666	-3231.107666	-3231.105812	0.000011	0.000023	-3231.109522
365.000000	59.537941	-3231.107666	-3231.107666	-3231.105327	0.000013	0.000026	-3231.110007
405.000000	59.537941	-3231.107666	-3231.107666	-3231.104784	0.000014	0.000028	-3231.110548
445.000000	59.537941	-3231.107666	-3231.107666	-3231.104182	0.000016	0.000031	-3231.111146
485.000000	59.537941	-3231.107666	-3231.107666	-3231.103520	0.000017	0.000034	-3231.111801
525.000000	59.537941	-3231.107666	-3231.107666	-3231.102796	0.000019	0.000037	-3231.112513
565.000000	59.537941	-3231.107666	-3231.107666	-3231.102010	0.000020	0.000040	-3231.113282
605.000000	59.537941	-3231.107666	-3231.107666	-3231.101159	0.000021	0.000043	-3231.114110
645.000000	59.537941	-3231.107666	-3231.107666	-3231.100242	0.000023	0.000045	-3231.114996
685.000000	59.537941	-3231.107666	-3231.107666	-3231.099255	0.000024	0.000048	-3231.115941
725.000000	59.537941	-3231.107666	-3231.107666	-3231.098197	0.000026	0.000051	-3231.116946
765.000000	59.537941	-3231.107666	-3231.107666	-3231.097066	0.000027	0.000054	-3231.118012
805.000000	59.537941	-3231.107666	-3231.107666	-3231.095859	0.000029	0.000057	-3231.119138
845.000000	59.537941	-3231.107666	-3231.107666	-3231.094573	0.000030	0.000059	-3231.120327
885.000000	59.537941	-3231.107666	-3231.107666	-3231.093207	0.000032	0.000062	-3231.121578
925.000000	59.537941	-3231.107666	-3231.107666	-3231.091757	0.000034	0.000065	-3231.122894
965.000000	59.537941	-3231.107666	-3231.107666	-3231.090222	0.000035	0.000068	-3231.124272
1005.000000	59.537941	-3231.107666	-3231.107666	-3231.088598	0.000037	0.000071	-3231.125718
1045.000000	59.537941	-3231.107666	-3231.107666	-3231.086883	0.000039	0.000073	-3231.127229
1085.000000	59.537941	-3231.107666	-3231.107666	-3231.085076	0.000040	0.000076	-3231.128806
1125.000000	59.537941	-3231.107666	-3231.107666	-3231.083173	0.000042	0.000079	-3231.130453
1165.000000	59.537941	-3231.107666	-3231.107666	-3231.081172	0.000044	0.000082	-3231.132166
1205.000000	59.537941	-3231.107666	-3231.107666	-3231.079071	0.000046	0.000085	-3231.133952
1245.000000	59.537941	-3231.107666	-3231.107666	-3231.076868	0.000047	0.000088	-3231.135807
1285.000000	59.537941	-3231.107666	-3231.107666	-3231.074560	0.000049	0.000090	-3231.137736
1325.000000	59.537941	-3231.107666	-3231.107666	-3231.072144	0.000051	0.000093	-3231.139736
1365.000000	59.537941	-3231.107666	-3231.107666	-3231.069620	0.000053	0.000096	-3231.141813
1405.000000	59.537941	-3231.107666	-3231.107666	-3231.066983	0.000055	0.000099	-3231.143963
1445.000000	59.537941	-3231.107666	-3231.107666	-3231.064233	0.000057	0.000102	-3231.146193
1485.000000	59.537941	-3231.107666	-3231.107666	-3231.061367	0.000059	0.000104	-3231.148498
1525.000000	59.537941	-3231.107666	-3231.107666	-3231.058382	0.000061	0.000107	-3231.150885
1565.000000	59.537941	-3231.107666	-3231.107666	-3231.055276	0.000063	0.000110	-3231.153350
1605.000000	59.537941	-3231.107666	-3231.107666	-3231.052046	0.000065	0.000113	-3231.155900
1645.000000	59.537941	-3231.107666	-3231.107666	-3231.048691	0.000067	0.000116	-3231.158534
1685.000000	59.537941	-3231.107666	-3231.107666	-3231.045208	0.000069	0.000118	-3231.161247
1725.000000	59.537941	-3231.107666	-3231.107666	-3231.041594	0.000071	0.000121	-3231.164051
1765.000000	59.537941	-3231.107666	-3231.107666	-3231.037847	0.000073	0.000124	-3231.166936
1805.000000	59.537941	-3231.107666	-3231.107666	-3231.033964	0.000075	0.000127	-3231.169913
1845.000000	59.537941	-3231.107666	-3231.107666	-3231.029944	0.000078	0.000130	-3231.172974
1885.000000	59.537941	-3231.107666	-3231.107666	-3231.025783	0.000080	0.000133	-3231.176130
1925.000000	59.537941	-3231.107666	-3231.107666	-3231.021479	0.000082	0.000135	-3231.179371
1965.000000	59.537941	-3231.107666	-3231.107666	-3231.017030	0.000084	0.000138	-3231.182709
5.000000	60.145470	-3231.127441	-3231.127441	-3231.127441	0.000000	0.000000	-3231.127441
45.000000	60.145470	-3231.127441	-3231.127441	-3231.127400	0.000002	0.000003	-3231.127472
85.000000	60.145470	-3231.127441	-3231.127441	-3231.127307	0.000003	0.000006	-3231.127565
125.000000	60.145470	-3231.127441	-3231.127441	-3231.127157	0.000004	0.000009	-3231.127716
165.000000	60.145470	-3231.127441	-3231.127441	-3231.126949	0.000006	0.000012	-3231.127924
205.000000	60.145470	-3231.127441	-3231.127441	-3231.126685	0.000007	0.000015	-3231.128189
245.000000	60.145470	-3231.127441	-3231.127441	-3231.126363	0.000009	0.000018	-3231.128511
285.000000	60.145470	-3231.127441	-3231.127441	-3231.125984	0.000010	0.000020	-3231.128890
325.000000	60.145470	-3231.127441	-3231.127441	-3231.125548	0.000012	0.000023	-3231.129327
365.000000	60.145470	-3231.127441	-3231.127441	-3231.125053	0.000013	0.000026	-3231.129822
405.000000	60.145470	-3231.127441	-3231.127441	-3231.124498	0.000015	0.000029	-3231.130373
445.000000	60.145470	-3231.127441	-3231.127441	-3231.123884	0.000016	0.000032	-3231.130983
485.000000	60.145470	-3231.127441	-3231.127441	-3231.123208	0.000017	0.000035	-3231.131650
525.000000	60.145470	-3231.127441	-3231.127441	-3231.122470	0.000019	0.000038	-3231.132376
565.000000	60.145470	-3231.127441	-3231.127441	-3231.121666	0.000020	0.000040	-3231.133161
605.000000	60.145470	-3231.127441	-3231.127441	-3231.120797	0.000022	0.000043	-3231.134005
645.000000	60.145470	-3231.127441	-3231.127441	-3231.119858	0.000023	0.000046	-3231.134909
685.000000	60.145470	-3231.127441	-3231.127441	-3231.118849	0.000025	0.000049	-3231.135873
725.000000	60.145470	-3231.127441	-3231.127441	-3231.117768	0.000026	0.000052	-3231.136898
765.000000	60.145470	-3231.127441	-3231.127441	-3231.116610	0.000028	0.000055	-3231.137986
805.000000	60.145470	-3231.127441	-3231.127441	-3231.115375	0.000030	0.000058	-3231.139136
845.000000	60.145470	-3231.127441	-3231.127441	-3231.114059	0.000031	0.000060	-3231.140349
885.000000	60.145470	-3231.127441	-3231.127441	-3231.112661	0.000033	0.000063	-3231.141626
925.000000	60.145470	-3231.127441	-3231.127441	-3231.111177	0.000034	0.000066	-3231.142969
965.000000	60.145470	-3231.127441	-3231.127441	-3231.109605	0.000036	0.000069	-3231.144378
1005.000000	60.145470	-3231.127441	-3231.127441	-3231.107943	0.000038	0.000072	-3231.145853
1045.000000	60.145470	-3231.127441	-3231.127441	-3231.106188	0.000039	0.000075	-3231.147395
1085.000000	60.145470	-3231.127441	-3231.127441	-3231.104337	0.000041	0.000078	-3231.149007
1125.000000	60.145470	-3231.127441	-3231.127441	-3231.102389	0.000043	0.000080	-3231.150689
1165.000000	60.145470	-3231.127441	-3231.127441	-3231.100341	0.000045	0.000083	-3231.152440
1205.000000	60.145470	-3231.127441	-3231.127441	-3231.098190	0.000047	0.000086	-3231.154262
1245.000000	60.145470	-3231.127441	-3231.127441	-3231.095934	0.000048	0.000089	-3231.156159
1285.000000	60.145470	-3231.127441	-3231.127441	-3231.093571	0.000050	0.000092	-3231.158130
1325.000000	60.145470	-3231.127441	-3231.127441	-3231.091099	0.000052	0.000095	-3231.160174
1365.000000	60.145470	-3231.127441	-3231.127441