-57.62342	0
-57.61286	0
-56.53501	1.28389E-4
-56.52444	1.63E-4
-56.51387	2.06364E-4
-56.5033	2.60536E-4
-56.49274	3.28012E-4
-56.48217	4.11813E-4
-56.4716	5.15581E-4
-56.46104	6.43697E-4
-56.45047	8.01408E-4
-56.4399	9.94978E-4
-56.42933	0.00123
-56.41877	0.00152
-56.4082	0.00187
-56.39763	0.0023
-56.38707	0.00281
-56.3765	0.00344
-56.36593	0.00418
-56.35536	0.00508
-56.3448	0.00615
-56.33423	0.00743
-56.32366	0.00894
-56.31309	0.01073
-56.30253	0.01285
-56.29196	0.01534
-56.28139	0.01827
-56.27083	0.02169
-56.26026	0.02568
-56.24969	0.03032
-56.23912	0.0357
-56.22856	0.04192
-56.21799	0.04908
-56.20742	0.05731
-56.19686	0.06672
-56.18629	0.07747
-56.17572	0.0897
-56.16515	0.10357
-56.15459	0.11925
-56.14402	0.13692
-56.13345	0.15677
-56.12289	0.179
-56.11232	0.20381
-56.10175	0.23142
-56.09118	0.26203
-56.08062	0.29586
-56.07005	0.33313
-56.05948	0.37404
-56.04892	0.41882
-56.03835	0.46764
-56.02778	0.5207
-56.01721	0.57817
-56.00665	0.64019
-55.99608	0.70688
-55.98551	0.77835
-55.97495	0.85465
-55.96438	0.93582
-55.95381	1.02184
-55.94324	1.11265
-55.93268	1.20816
-55.92211	1.30821
-55.91154	1.4126
-55.90098	1.52106
-55.89041	1.63328
-55.87984	1.7489
-55.86927	1.86748
-55.85871	1.98854
-55.84814	2.11155
-55.83757	2.23592
-55.82701	2.36101
-55.81644	2.48614
-55.80587	2.61062
-55.7953	2.73368
-55.78474	2.85456
-55.77417	2.97248
-55.7636	3.08664
-55.75304	3.19625
-55.74247	3.30053
-55.7319	3.3987
-55.72133	3.49004
-55.71077	3.57385
-55.7002	3.64947
-55.68963	3.71629
-55.67907	3.77379
-55.6685	3.8215
-55.65793	3.85902
-55.64736	3.88605
-55.6368	3.90235
-55.62623	3.9078
-55.61566	3.9078
-55.6051	3.90235
-55.59453	3.88605
-55.58396	3.85902
-55.57339	3.8215
-55.56283	3.77379
-55.55226	3.71629
-55.54169	3.64947
-55.53112	3.57385
-55.52056	3.49004
-55.50999	3.3987
-55.49942	3.30053
-55.48886	3.19625
-55.47829	3.08664
-55.46772	2.97248
-55.45715	2.85456
-55.44659	2.73368
-55.43602	2.61062
-55.42545	2.48614
-55.41489	2.36101
-55.40432	2.23592
-55.39375	2.11155
-55.38318	1.98854
-55.37262	1.86748
-55.36205	1.7489
-55.35148	1.63328
-55.34092	1.52106
-55.33035	1.4126
-55.31978	1.30821
-55.30921	1.20816
-55.29865	1.11265
-55.28808	1.02184
-55.27751	0.93582
-55.26695	0.85465
-55.25638	0.77835
-55.24581	0.70688
-55.23524	0.64019
-55.22468	0.57817
-55.21411	0.5207
-55.20354	0.46764
-55.19298	0.41882
-55.18241	0.37404
-55.17184	0.33313
-55.16127	0.29586
-55.15071	0.26203
-55.14014	0.23142
-55.12957	0.20381
-55.11901	0.179
-55.10844	0.15677
-55.09787	0.13692
-55.0873	0.11925
-55.07674	0.10357
-55.06617	0.0897
-55.0556	0.07747
-55.04504	0.06672
-55.03447	0.05731
-55.0239	0.04908
-55.01333	0.04192
-55.00277	0.0357
-54.9922	0.03032
-54.98163	0.02568
-54.97107	0.02169
-54.9605	0.01827
-54.94993	0.01534
-54.93936	0.01285
-54.9288	0.01073
-54.91823	0.00894
-54.90766	0.00743
-54.8971	0.00615
-54.88653	0.00508
-54.87596	0.00418
-54.86539	0.00344
-54.85483	0.00281
-54.84426	0.0023
-54.83369	0.00187
-54.82313	0.00152
-54.81256	0.00123
-54.80199	9.94978E-4
-54.79142	8.01408E-4
-54.78086	6.43697E-4
-54.77029	5.15581E-4
-54.75972	4.11813E-4
-54.74915	3.28012E-4
-54.73859	2.60536E-4
-54.72802	2.06364E-4
-54.71745	1.63E-4
-54.70689	1.28389E-4
-54.69632	0
-32.63209	1.4768E-4
-32.62152	2.67911E-4
-32.61095	3.9125E-4
-32.60038	5.79618E-4
-32.58982	7.73528E-4
-32.57925	9.73024E-4
-32.56868	0.00122
-32.55812	0.00153
-32.54755	0.0019
-32.53698	0.00237
-32.52641	0.00294
-32.51585	0.00364
-32.50528	0.00449
-32.49471	0.00552
-32.48415	0.00677
-32.47358	0.00829
-32.46301	0.01011
-32.45244	0.01231
-32.44188	0.01493
-32.43131	0.01807
-32.42074	0.0218
-32.41018	0.02624
-32.39961	0.03149
-32.38904	0.03768
-32.37847	0.04497
-32.36791	0.05352
-32.35734	0.06352
-32.34677	0.07518
-32.33621	0.08874
-32.32564	0.10444
-32.31507	0.12259
-32.3045	0.1435
-32.29394	0.16751
-32.28337	0.19499
-32.2728	0.22635
-32.26224	0.26203
-32.25167	0.3025
-32.2411	0.34825
-32.23053	0.39981
-32.21997	0.45773
-32.2094	0.5226
-32.19883	0.59501
-32.18827	0.67559
-32.1777	0.76495
-32.16713	0.86374
-32.15656	0.97259
-32.146	1.09213
-32.13543	1.22297
-32.12486	1.36571
-32.1143	1.52088
-32.10373	1.68901
-32.09316	1.87053
-32.08259	2.06583
-32.07203	2.27522
-32.06146	2.4989
-32.05089	2.73699
-32.04033	2.98947
-32.02976	3.25622
-32.01919	3.53696
-32.00862	3.83128
-31.99806	4.13863
-31.98749	4.45827
-31.97692	4.78931
-31.96636	5.13072
-31.95579	5.48126
-31.94522	5.83957
-31.93465	6.2041
-31.92409	6.57316
-31.91352	6.94492
-31.90295	7.31743
-31.89238	7.68859
-31.88182	8.05625
-31.87125	8.41815
-31.86068	8.77199
-31.85012	9.11543
-31.83955	9.44612
-31.82898	9.76176
-31.81841	10.06004
-31.80785	10.33878
-31.79728	10.59586
-31.78671	10.82932
-31.77615	11.03731
-31.76558	11.2182
-31.75501	11.37053
-31.74444	11.49307
-31.73388	11.58541
-31.72331	11.64922
-31.71274	11.68558
-31.70218	11.69521
-31.69161	11.67802
-31.68104	11.63437
-31.67047	11.56419
-31.65991	11.46445
-31.64934	11.33415
-31.63877	11.17434
-31.62821	10.98633
-31.61764	10.77161
-31.60707	10.53189
-31.5965	10.26903
-31.58594	9.98504
-31.57537	9.68206
-31.5648	9.36231
-31.55424	9.0281
-31.54367	8.68173
-31.5331	8.32558
-31.52253	7.96195
-31.51197	7.59315
-31.5014	7.22141
-31.49083	6.84888
-31.48027	6.4776
-31.4697	6.10951
-31.45913	5.7464
-31.44856	5.38993
-31.438	5.04158
-31.42743	4.70271
-31.41686	4.37449
-31.4063	4.05792
-31.39573	3.75385
-31.38516	3.46296
-31.37459	3.18578
-31.36403	2.92267
-31.35346	2.67388
-31.34289	2.43951
-31.33233	2.21952
-31.32176	2.01378
-31.31119	1.82207
-31.30062	1.64404
-31.29006	1.4793
-31.27949	1.32739
-31.26892	1.18779
-31.25836	1.05993
-31.24779	0.94321
-31.23722	0.83703
-31.22665	0.74074
-31.21609	0.65372
-31.20552	0.57533
-31.19495	0.50493
-31.18439	0.44193
-31.17382	0.38571
-31.16325	0.33572
-31.15268	0.29139
-31.14212	0.25222
-31.13155	0.21771
-31.12098	0.1874
-31.11042	0.16087
-31.09985	0.13771
-31.08928	0.11756
-31.07871	0.10008
-31.06815	0.08496
-31.05758	0.07193
-31.04701	0.06073
-31.03644	0.05113
-31.02588	0.04293
-31.01531	0.03594
-31.00474	0.03001
-30.99418	0.02499
-30.98361	0.02075
-30.97304	0.01718
-30.96247	0.01419
-30.95191	0.01168
-30.94134	0.00959
-30.93077	0.00786
-30.92021	0.00642
-30.90964	0.00522
-30.89907	0.00424
-30.8885	0.00344
-30.87794	0.00278
-30.86737	0.00224
-30.8568	0.0018
-30.84624	0.00144
-30.83567	0.00115
-30.8251	9.14862E-4
-30.81453	7.15492E-4
-30.80397	5.22039E-4
-30.7934	3.71666E-4
-30.78283	2.29761E-4
-30.77227	1.39926E-4
-30.7617	4.27964E-5
-10.28254	1.04247E-4
-10.27197	1.27277E-4
-10.26141	1.54961E-4
-10.25084	1.88141E-4
-10.24027	2.27789E-4
-10.2297	2.75022E-4
-10.21914	3.31125E-4
-10.20857	3.9756E-4
-10.198	4.75994E-4
-10.18744	5.68314E-4
-10.17687	6.76648E-4
-10.1663	8.03386E-4
-10.15573	9.51204E-4
-10.14517	0.00112
-10.1346	0.00132
-10.12403	0.00155
-10.11347	0.00182
-10.1029	0.00212
-10.09233	0.00247
-10.08176	0.00287
-10.0712	0.00332
-10.06063	0.00384
-10.05006	0.00442
-10.0395	0.00507
-10.02893	0.00581
-10.01836	0.00663
-10.00779	0.00755
-9.99723	0.00857
-9.98666	0.0097
-9.97609	0.01096
-9.96553	0.01234
-9.95496	0.01385
-9.94439	0.01551
-9.93382	0.01732
-9.92326	0.01929
-9.91269	0.02141
-9.90212	0.02371
-9.89155	0.02618
-9.88099	0.02883
-9.87042	0.03165
-9.85985	0.03466
-9.84929	0.03785
-9.83872	0.04121
-9.82815	0.04475
-9.81758	0.04845
-9.80702	0.05232
-9.79645	0.05634
-9.78588	0.06049
-9.77532	0.06477
-9.76475	0.06917
-9.75418	0.07365
-9.74361	0.07821
-9.73305	0.08281
-9.72248	0.08746
-9.71191	0.0921
-9.70135	0.09671
-9.69078	0.10128
-9.68021	0.10576
-9.66964	0.11014
-9.65908	0.11438
-9.64851	0.11845
-9.63794	0.12233
-9.62738	0.12599
-9.61681	0.1294
-9.60624	0.13253
-9.59567	0.13537
-9.58511	0.1379
-9.57454	0.14008
-9.56397	0.14192
-9.55341	0.14339
-9.54284	0.14449
-9.53227	0.14521
-9.5217	0.14556
-9.51114	0.14573
-9.50057	0.14572
-9.49	0.14536
-9.47944	0.14463
-9.46887	0.14357
-9.4583	0.14218
-9.44773	0.14049
-9.43717	0.13853
-9.4266	0.13633
-9.41603	0.13392
-9.40547	0.13133
-9.3949	0.12861
-9.38433	0.12579
-9.37376	0.12293
-9.3632	0.12006
-9.35263	0.11723
-9.34206	0.1145
-9.3315	0.1119
-9.32093	0.1095
-9.31036	0.10733
-9.29979	0.10546
-9.28923	0.10392
-9.27866	0.10276
-9.26809	0.10204
-9.25753	0.10179
-9.24696	0.10205
-9.23639	0.10287
-9.22582	0.10428
-9.21526	0.10631
-9.20469	0.10899
-9.19412	0.11234
-9.18356	0.11639
-9.17299	0.12114
-9.16242	0.12661
-9.15185	0.13281
-9.14129	0.13972
-9.13072	0.14734
-9.12015	0.15565
-9.10959	0.16466
-9.09902	0.17429
-9.08845	0.18454
-9.07788	0.19536
-9.06732	0.2067
-9.05675	0.2185
-9.04618	0.23071
-9.03561	0.24326
-9.02505	0.25607
-9.01448	0.26907
-9.00391	0.28218
-8.99335	0.29531
-8.98278	0.30837
-8.97221	0.32126
-8.96164	0.33391
-8.95108	0.34621
-8.94051	0.35808
-8.92994	0.36941
-8.91938	0.38013
-8.90881	0.39016
-8.89824	0.39941
-8.88767	0.40781
-8.87711	0.4153
-8.86654	0.42182
-8.85597	0.42732
-8.84541	0.43176
-8.83484	0.43511
-8.82427	0.43736
-8.8137	0.4385
-8.80314	0.43913
-8.79257	0.43928
-8.782	0.43834
-8.77144	0.43635
-8.76087	0.43335
-8.7503	0.42938
-8.73973	0.42451
-8.72917	0.41882
-8.7186	0.41236
-8.70803	0.40525
-8.69747	0.39757
-8.6869	0.38941
-8.67633	0.38089
-8.66576	0.37211
-8.6552	0.36318
-8.64463	0.35422
-8.63406	0.34534
-8.6235	0.33664
-8.61293	0.32824
-8.60236	0.32024
-8.59179	0.31273
-8.58123	0.30582
-8.57066	0.29958
-8.56009	0.29409
-8.54953	0.28943
-8.53896	0.28563
-8.52839	0.28275
-8.51782	0.28084
-8.50726	0.27991
-8.49669	0.27997
-8.48612	0.28104
-8.47556	0.28309
-8.46499	0.28611
-8.45442	0.29007
-8.44385	0.29492
-8.43329	0.30061
-8.42272	0.30708
-8.41215	0.31425
-8.40159	0.32206
-8.39102	0.3304
-8.38045	0.33919
-8.36988	0.34834
-8.35932	0.35774
-8.34875	0.3673
-8.33818	0.3769
-8.32762	0.38646
-8.31705	0.39587
-8.30648	0.40503
-8.29591	0.41386
-8.28535	0.42227
-8.27478	0.43017
-8.26421	0.4375
-8.25364	0.4442
-8.24308	0.45021
-8.23251	0.4555
-8.22194	0.46003
-8.21138	0.46378
-8.20081	0.46675
-8.19024	0.46955
-8.17967	0.47218
-8.16911	0.47407
-8.15854	0.47523
-8.14797	0.47571
-8.13741	0.47556
-8.12684	0.47485
-8.11627	0.47362
-8.1057	0.47196
-8.09514	0.46994
-8.08457	0.46769
-8.074	0.46524
-8.06344	0.4627
-8.05287	0.46017
-8.0423	0.45773
-8.03173	0.45547
-8.02117	0.45348
-8.0106	0.45183
-8.00003	0.4506
-7.98947	0.44985
-7.9789	0.44964
-7.96833	0.45003
-7.95776	0.45104
-7.9472	0.45271
-7.93663	0.45506
-7.92606	0.4581
-7.9155	0.46181
-7.90493	0.46618
-7.89436	0.4712
-7.88379	0.47681
-7.87323	0.48302
-7.86266	0.48972
-7.85209	0.49689
-7.84153	0.50445
-7.83096	0.51233
-7.82039	0.52048
-7.80982	0.52881
-7.79926	0.53726
-7.78869	0.54595
-7.77812	0.55483
-7.76756	0.56362
-7.75699	0.57226
-7.74642	0.58071
-7.73585	0.58892
-7.72529	0.59688
-7.71472	0.60455
-7.70415	0.61194
-7.69359	0.61905
-7.68302	0.62592
-7.67245	0.63257
-7.66188	0.63906
-7.65132	0.64547
-7.64075	0.65187
-7.63018	0.65897
-7.61962	0.66688
-7.60905	0.67509
-7.59848	0.68374
-7.58791	0.69295
-7.57735	0.70286
-7.56678	0.71362
-7.55621	0.72539
-7.54565	0.73829
-7.53508	0.7525
-7.52451	0.76814
-7.51394	0.78537
-7.50338	0.80431
-7.49281	0.82507
-7.48224	0.84777
-7.47168	0.87249
-7.46111	0.89931
-7.45054	0.9283
-7.43997	0.95946
-7.42941	0.99279
-7.41884	1.02829
-7.40827	1.06591
-7.3977	1.10558
-7.38714	1.1472
-7.37657	1.19066
-7.366	1.2358
-7.35544	1.28245
-7.34487	1.33045
-7.3343	1.37952
-7.32373	1.42947
-7.31317	1.48001
-7.3026	1.5309
-7.29203	1.58184
-7.28147	1.63255
-7.2709	1.68272
-7.26033	1.73207
-7.24976	1.78031
-7.2392	1.82712
-7.22863	1.87223
-7.21806	1.91536
-7.2075	1.95644
-7.19693	1.99523
-7.18636	2.0313
-7.17579	2.06446
-7.16523	2.09571
-7.15466	2.12489
-7.14409	2.15064
-7.13353	2.17346
-7.12296	2.19325
-7.11239	2.20935
-7.10182	2.22171
-7.09126	2.23036
-7.08069	2.23531
-7.07012	2.23666
-7.05956	2.2345
-7.04899	2.22897
-7.03842	2.22024
-7.02785	2.20852
-7.01729	2.19402
-7.00672	2.17742
-6.99615	2.15899
-6.98559	2.13861
-6.97502	2.11663
-6.96445	2.09336
-6.95388	2.06975
-6.94332	2.04617
-6.93275	2.02238
-6.92218	1.99872
-6.91162	1.97558
-6.90105	1.95332
-6.89048	1.93273
-6.87991	1.91416
-6.86935	1.89756
-6.85878	1.88328
-6.84821	1.87163
-6.83765	1.86297
-6.82708	1.85752
-6.81651	1.85559
-6.80594	1.85742
-6.79538	1.86324
-6.78481	1.87323
-6.77424	1.88757
-6.76368	1.90637
-6.75311	1.92974
-6.74254	1.95778
-6.73197	1.99045
-6.72141	2.02778
-6.71084	2.0699
-6.70027	2.11676
-6.68971	2.16801
-6.67914	2.22351
-6.66857	2.28305
-6.658	2.34642
-6.64744	2.41335
-6.63687	2.48356
-6.6263	2.55674
-6.61573	2.63255
-6.60517	2.71065
-6.5946	2.79063
-6.58403	2.87213
-6.57347	2.95473
-6.5629	3.03805
-6.55233	3.12168
-6.54176	3.20521
-6.5312	3.28886
-6.52063	3.37286
-6.51006	3.45619
-6.4995	3.53789
-6.48893	3.61762
-6.47836	3.69505
-6.46779	3.7699
-6.45723	3.84193
-6.44666	3.91087
-6.43609	3.97655
-6.42553	4.04005
-6.41496	4.10124
-6.40439	4.15943
-6.39382	4.21456
-6.38326	4.26601
-6.37269	4.3138
-6.36212	4.35798
-6.35156	4.39863
-6.34099	4.43587
-6.33042	4.47047
-6.31985	4.50259
-6.30929	4.53181
-6.29872	4.55895
-6.28815	4.58421
-6.27759	4.60727
-6.26702	4.62869
-6.25645	4.6493
-6.24588	4.66932
-6.23532	4.68839
-6.22475	4.70628
-6.21418	4.72315
-6.20362	4.73918
-6.19305	4.75453
-6.18248	4.76933
-6.17191	4.78368
-6.16135	4.79769
-6.15078	4.81142
-6.14021	4.82494
-6.12965	4.83828
-6.11908	4.85146
-6.10851	4.86448
-6.09794	4.87734
-6.08738	4.88997
-6.07681	4.90235
-6.06624	4.91444
-6.05568	4.92677
-6.04511	4.93989
-6.03454	4.95309
-6.02397	4.96611
-6.01341	4.98007
-6.00284	4.99448
-5.99227	5.00802
-5.98171	5.0206
-5.97114	5.03215
-5.96057	5.04263
-5.95	5.05198
-5.93944	5.06018
-5.92887	5.06722
-5.9183	5.07432
-5.90774	5.08148
-5.89717	5.08752
-5.8866	5.0925
-5.87603	5.09642
-5.86547	5.09937
-5.8549	5.10141
-5.84433	5.10264
-5.83377	5.10315
-5.8232	5.10424
-5.81263	5.10621
-5.80206	5.10793
-5.7915	5.10928
-5.78093	5.11035
-5.77036	5.11121
-5.75979	5.11193
-5.74923	5.11258
-5.73866	5.11321
-5.72809	5.11387
-5.71753	5.11461
-5.70696	5.11606
-5.69639	5.11823
-5.68582	5.12171
-5.67526	5.12648
-5.66469	5.13128
-5.65412	5.13604
-5.64356	5.1407
-5.63299	5.14518
-5.62242	5.14935
-5.61185	5.15312
-5.60129	5.157
-5.59072	5.16088
-5.58015	5.16402
-5.56959	5.16628
-5.55902	5.16754
-5.54845	5.16767
-5.53788	5.16775
-5.52732	5.16765
-5.51675	5.16603
-5.50618	5.16274
-5.49562	5.1577
-5.48505	5.1508
-5.47448	5.14196
-5.46391	5.13106
-5.45335	5.11867
-5.44278	5.10534
-5.43221	5.09043
-5.42165	5.07329
-5.41108	5.05391
-5.40051	5.03231
-5.38994	5.00851
-5.37938	4.98254
-5.36881	4.95448
-5.35824	4.92621
-5.34768	4.8984
-5.33711	4.86933
-5.32654	4.83848
-5.31597	4.80592
-5.30541	4.77177
-5.29484	4.73614
-5.28427	4.69919
-5.27371	4.66101
-5.26314	4.62178
-5.25257	4.58165
-5.242	4.54077
-5.23144	4.49931
-5.22087	4.45745
-5.2103	4.41536
-5.19974	4.37324
-5.18917	4.33122
-5.1786	4.2907
-5.16803	4.25186
-5.15747	4.21363
-5.1469	4.17619
-5.13633	4.13964
-5.12577	4.10477
-5.1152	4.07171
-5.10463	4.03998
-5.09406	4.00967
-5.0835	3.98156
-5.07293	3.95572
-5.06236	3.93163
-5.0518	3.90938
-5.04123	3.88905
-5.03066	3.87069
-5.02009	3.85436
-5.00953	3.84014
-4.99896	3.82797
-4.98839	3.81795
-4.97782	3.81006
-4.96726	3.80549
-4.95669	3.8042
-4.94612	3.80492
-4.93556	3.80757
-4.92499	3.81226
-4.91442	3.81888
-4.90385	3.82707
-4.89329	3.83676
-4.88272	3.84776
-4.87215	3.85989
-4.86159	3.87301
-4.85102	3.88694
-4.84045	3.90146
-4.82988	3.91641
-4.81932	3.9316
-4.80875	3.94686
-4.79818	3.96198
-4.78762	3.97679
-4.77705	3.99175
-4.76648	4.00666
-4.75591	4.02082
-4.74535	4.03407
-4.73478	4.04669
-4.72421	4.05918
-4.71365	4.07227
-4.70308	4.08526
-4.69251	4.09687
-4.68194	4.10704
-4.67138	4.1158
-4.66081	4.1231
-4.65024	4.12898
-4.63968	4.13349
-4.62911	4.13671
-4.61854	4.1387
-4.60797	4.13962
-4.59741	4.13957
-4.58684	4.13868
-4.57627	4.13712
-4.56571	4.13566
-4.55514	4.13565
-4.54457	4.13666
-4.534	4.1376
-4.52344	4.13862
-4.51287	4.13989
-4.5023	4.14152
-4.49174	4.14361
-4.48117	4.14629
-4.4706	4.14966
-4.46003	4.15381
-4.44947	4.15882
-4.4389	4.16472
-4.42833	4.17161
-4.41777	4.17951
-4.4072	4.18903
-4.39663	4.20016
-4.38606	4.21227
-4.3755	4.22533
-4.36493	4.23988
-4.35436	4.25587
-4.3438	4.2726
-4.33323	4.28997
-4.32266	4.30791
-4.31209	4.32627
-4.30153	4.34496
-4.29096	4.36387
-4.28039	4.38409
-4.26983	4.40551
-4.25926	4.42674
-4.24869	4.44771
-4.23812	4.46827
-4.22756	4.48891
-4.21699	4.50952
-4.20642	4.52939
-4.19586	4.54841
-4.18529	4.56711
-4.17472	4.58539
-4.16415	4.60258
-4.15359	4.61863
-4.14302	4.6335
-4.13245	4.64714
-4.12188	4.65955
-4.11132	4.67072
-4.10075	4.68067
-4.09018	4.69063
-4.07962	4.70063
-4.06905	4.70949
-4.05848	4.71727
-4.04791	4.72458
-4.03735	4.73154
-4.02678	4.73758
-4.01621	4.74277
-4.00565	4.74718
-3.99508	4.75091
-3.98451	4.75404
-3.97394	4.75725
-3.96338	4.76064
-3.95281	4.76368
-3.94224	4.76645
-3.93168	4.77024
-3.92111	4.77514
-3.91054	4.77992
-3.89997	4.78464
-3.88941	4.78996
-3.87884	4.79588
-3.86827	4.80181
-3.85771	4.80775
-3.84714	4.81369
-3.83657	4.81962
-3.826	4.82551
-3.81544	4.83134
-3.80487	4.83705
-3.7943	4.84264
-3.78374	4.84807
-3.77317	4.85328
-3.7626	4.85822
-3.75203	4.86344
-3.74147	4.86891
-3.7309	4.87396
-3.72033	4.87855
-3.70977	4.8832
-3.6992	4.8883
-3.68863	4.89377
-3.67806	4.8992
-3.6675	4.90388
-3.65693	4.90777
-3.64636	4.91144
-3.6358	4.91506
-3.62523	4.91803
-3.61466	4.92009
-3.60409	4.92122
-3.59353	4.92203
-3.58296	4.92313
-3.57239	4.9239
-3.56183	4.92377
-3.55126	4.92272
-3.54069	4.92078
-3.53012	4.91799
-3.51956	4.91441
-3.50899	4.91008
-3.49842	4.90509
-3.48786	4.89949
-3.47729	4.89342
-3.46672	4.887
-3.45615	4.88029
-3.44559	4.87343
-3.43502	4.86721
-3.42445	4.86174
-3.41389	4.85659
-3.40332	4.85313
-3.39275	4.85154
-3.38218	4.85075
-3.37162	4.85096
-3.36105	4.85252
-3.35048	4.85646
-3.33991	4.86276
-3.32935	4.87076
-3.31878	4.88061
-3.30821	4.89249
-3.29765	4.90658
-3.28708	4.92425
-3.27651	4.94556
-3.26594	4.96943
-3.25538	4.99595
-3.24481	5.02517
-3.23424	5.05714
-3.22368	5.09183
-3.21311	5.12925
-3.20254	5.16934
-3.19197	5.21202
-3.18141	5.25718
-3.17084	5.30466
-3.16027	5.35433
-3.14971	5.40596
-3.13914	5.45971
-3.12857	5.51554
-3.118	5.57276
-3.10744	5.63083
-3.09687	5.68943
-3.0863	5.74822
-3.07574	5.80744
-3.06517	5.86673
-3.0546	5.92512
-3.04403	5.98227
-3.03347	6.03781
-3.0229	6.09139
-3.01233	6.1433
-3.00177	6.19509
-2.9912	6.24584
-2.98063	6.29346
-2.97006	6.3377
-2.9595	6.37879
-2.94893	6.41656
-2.93836	6.45106
-2.9278	6.48221
-2.91723	6.50935
-2.90666	6.53249
-2.89609	6.55225
-2.88553	6.56871
-2.87496	6.58196
-2.86439	6.59215
-2.85383	6.59925
-2.84326	6.60341
-2.83269	6.60444
-2.82212	6.60258
-2.81156	6.59867
-2.80099	6.59357
-2.79042	6.58689
-2.77986	6.57831
-2.76929	6.56805
-2.75872	6.55756
-2.74815	6.54707
-2.73759	6.53553
-2.72702	6.5231
-2.71645	6.50997
-2.70589	6.49625
-2.69532	6.48205
-2.68475	6.46745
-2.67418	6.45251
-2.66362	6.43725
-2.65305	6.42168
-2.64248	6.407
-2.63192	6.39313
-2.62135	6.37879
-2.61078	6.36386
-2.60021	6.34822
-2.58965	6.33172
-2.57908	6.3142
-2.56851	6.29551
-2.55794	6.27548
-2.54738	6.25557
-2.53681	6.23618
-2.52624	6.21551
-2.51568	6.19316
-2.50511	6.16899
-2.49454	6.14242
-2.48397	6.11328
-2.47341	6.0815
-2.46284	6.04695
-2.45227	6.00959
-2.44171	5.96937
-2.43114	5.92628
-2.42057	5.88101
-2.41	5.83419
-2.39944	5.78536
-2.38887	5.73394
-2.3783	5.68071
-2.36774	5.62705
-2.35717	5.57258
-2.3466	5.51626
-2.33603	5.45833
-2.32547	5.39904
-2.3149	5.33926
-2.30433	5.27929
-2.29377	5.2188
-2.2832	5.15811
-2.27263	5.09755
-2.26206	5.03741
-2.2515	4.97801
-2.24093	4.91967
-2.23036	4.8627
-2.2198	4.80738
-2.20923	4.75464
-2.19866	4.70533
-2.18809	4.65909
-2.17753	4.61552
-2.16696	4.57483
-2.15639	4.53715
-2.14583	4.50265
-2.13526	4.47145
-2.12469	4.44424
-2.11412	4.42109
-2.10356	4.40141
-2.09299	4.38519
-2.08242	4.37242
-2.07186	4.3631
-2.06129	4.35714
-2.05072	4.35445
-2.04015	4.35492
-2.02959	4.35906
-2.01902	4.36672
-2.00845	4.37716
-1.99789	4.3902
-1.98732	4.4057
-1.97675	4.42346
-1.96618	4.44334
-1.95562	4.46513
-1.94505	4.48871
-1.93448	4.51509
-1.92392	4.54412
-1.91335	4.57502
-1.90278	4.60761
-1.89221	4.64111
-1.88165	4.6754
-1.87108	4.71032
-1.86051	4.74575
-1.84995	4.78156
-1.83938	4.81762
-1.82881	4.85452
-1.81824	4.8927
-1.80768	4.93148
-1.79711	4.97018
-1.78654	5.00871
-1.77598	5.04701
-1.76541	5.08502
-1.75484	5.12327
-1.74427	5.16171
-1.73371	5.19966
-1.72314	5.23705
-1.71257	5.27385
-1.702	5.31018
-1.69144	5.34596
-1.68087	5.38152
-1.6703	5.41677
-1.65974	5.45123
-1.64917	5.48476
-1.6386	5.51726
-1.62803	5.54917
-1.61747	5.58022
-1.6069	5.60962
-1.59633	5.6372
-1.58577	5.66279
-1.5752	5.68683
-1.56463	5.70972
-1.55406	5.73066
-1.5435	5.74883
-1.53293	5.76402
-1.52236	5.77602
-1.5118	5.78461
-1.50123	5.78961
-1.49066	5.79078
-1.48009	5.78977
-1.46953	5.78638
-1.45896	5.77859
-1.44839	5.76622
-1.43783	5.74912
-1.42726	5.72715
-1.41669	5.70019
-1.40612	5.66814
-1.39556	5.63096
-1.38499	5.58863
-1.37442	5.54117
-1.36386	5.48859
-1.35329	5.4322
-1.34272	5.37272
-1.33215	5.30906
-1.32159	5.24137
-1.31102	5.16985
-1.30045	5.09412
-1.28989	5.01503
-1.27932	4.93287
-1.26875	4.84778
-1.25818	4.76005
-1.24762	4.67027
-1.23705	4.5788
-1.22648	4.48542
-1.21592	4.39054
-1.20535	4.29457
-1.19478	4.19857
-1.18421	4.10293
-1.17365	4.00748
-1.16308	3.91263
-1.15251	3.81879
-1.14195	3.72636
-1.13138	3.63571
-1.12081	3.54721
-1.11024	3.4612
-1.09968	3.37803
-1.08911	3.29796
-1.07854	3.22129
-1.06798	3.14824
-1.05741	3.07943
-1.04684	3.01505
-1.03627	2.95483
-1.02571	2.8989
-1.01514	2.84731
-1.00457	2.80019
-0.99401	2.75751
-0.98344	2.7193
-0.97287	2.68554
-0.9623	2.65617
-0.95174	2.63114
-0.94117	2.61035
-0.9306	2.5937
-0.92003	2.58105
-0.90947	2.57347
-0.8989	2.5708
-0.88833	2.57165
-0.87777	2.5758
-0.8672	2.58301
-0.85663	2.59308
-0.84606	2.60575
-0.8355	2.62076
-0.82493	2.63788
-0.81436	2.65684
-0.8038	2.67734
-0.79323	2.69912
-0.78266	2.72187
-0.77209	2.74533
-0.76153	2.76917
-0.75096	2.79316
-0.74039	2.81752
-0.72983	2.84198
-0.71926	2.86562
-0.70869	2.88812
-0.69812	2.9092
-0.68756	2.92896
-0.67699	2.9471
-0.66642	2.96293
-0.65586	2.97617
-0.64529	2.98658
-0.63472	2.99394
-0.62415	2.99801
-0.61359	2.99861
-0.60302	2.99557
-0.59245	2.98874
-0.58189	2.97925
-0.57132	2.96699
-0.56075	2.95066
-0.55018	2.93032
-0.53962	2.90611
-0.52905	2.8787
-0.51848	2.84794
-0.50792	2.81334
-0.49735	2.77503
-0.48678	2.73317
-0.47621	2.68798
-0.46565	2.63969
-0.45508	2.58916
-0.44451	2.53668
-0.43395	2.48193
-0.42338	2.42586
-0.41281	2.36881
-0.40224	2.3105
-0.39168	2.25128
-0.38111	2.19151
-0.37054	2.13154
-0.35998	2.07175
-0.34941	2.01246
-0.33884	1.95405
-0.32827	1.89682
-0.31771	1.84111
-0.30714	1.78721
-0.29657	1.7354
-0.28601	1.68593
-0.27544	1.63902
-0.26487	1.59489
-0.2543	1.55372
-0.24374	1.51564
-0.23317	1.48077
-0.2226	1.4492
-0.21204	1.42099
-0.20147	1.39614
-0.1909	1.37464
-0.18033	1.35648
-0.16977	1.34157
-0.1592	1.32984
-0.14863	1.32118
-0.13807	1.31542
-0.1275	1.31242
-0.11693	1.31201
-0.10636	1.31396
-0.0958	1.31809
-0.08523	1.32478
-0.07466	1.33376
-0.06409	1.34419
-0.05353	1.35581
-0.04296	1.36837
-0.03239	1.38159
-0.02183	1.39523
-0.01126	1.40903
-6.91942E-4	1.42276
0.00988	1.43615
0.02044	1.44905
0.03101	1.46122
0.04158	1.47247
0.05214	1.48265
0.06271	1.4916
0.07328	1.49922
0.08385	1.50539
0.09441	1.51006
0.10498	1.51358
0.11555	1.51594
0.12611	1.51672
0.13668	1.51594
0.14725	1.51368
0.15782	1.51001
0.16838	1.50624
0.17895	1.50247
0.18952	1.49766
0.20008	1.49193
0.21065	1.48545
0.22122	1.47842
0.23179	1.471
0.24235	1.46343
0.25292	1.45591
0.26349	1.44866
0.27405	1.44191
0.28462	1.4359
0.29519	1.43081
0.30576	1.42686
0.31632	1.4243
0.32689	1.42326
0.33746	1.42391
0.34802	1.42648
0.35859	1.43105
0.36916	1.43777
0.37973	1.44672
0.39029	1.45797
0.40086	1.47158
0.41143	1.48758
0.42199	1.50596
0.43256	1.52669
0.44313	1.54971
0.4537	1.57495
0.46426	1.6023
0.47483	1.63165
0.4854	1.66287
0.49596	1.69578
0.50653	1.73022
0.5171	1.7666
0.52767	1.80473
0.53823	1.84379
0.5488	1.88354
0.55937	1.92377
0.56993	1.96426
0.5805	2.00499
0.59107	2.04575
0.60164	2.08615
0.6122	2.12599
0.62277	2.16511
0.63334	2.20334
0.6439	2.24058
0.65447	2.27668
0.66504	2.31158
0.67561	2.34522
0.68617	2.37758
0.69674	2.40861
0.70731	2.43955
0.71788	2.47045
0.72844	2.50012
0.73901	2.52869
0.74958	2.55618
0.76014	2.58275
0.77071	2.60913
0.78128	2.63547
0.79185	2.66133
0.80241	2.68687
0.81298	2.71226
0.82355	2.73769
0.83411	2.76394
0.84468	2.79121
0.85525	2.81905
0.86582	2.84763
0.87638	2.87708
0.88695	2.90758
0.89752	2.93922
0.90808	2.97212
0.91865	3.00637
0.92922	3.04204
0.93979	3.07918
0.95035	3.11782
0.96092	3.15796
0.97149	3.1996
0.98205	3.2427
0.99262	3.2872
1.00319	3.33304
1.01376	3.38013
1.02432	3.42839
1.03489	3.4787
1.04546	3.53095
1.05602	3.58399
1.06659	3.63789
1.07716	3.69252
1.08773	3.74754
1.09829	3.80284
1.10886	3.85831
1.11943	3.91385
1.12999	3.96939
1.14056	4.02547
1.15113	4.08205
1.1617	4.1387
1.17226	4.19542
1.18283	4.25201
1.1934	4.3085
1.20396	4.36575
1.21453	4.42383
1.2251	4.48198
1.23567	4.5415
1.24623	4.60246
1.2568	4.66372
1.26737	4.72534
1.27793	4.78737
1.2885	4.84988
1.29907	4.9129
1.30964	4.97643
1.3202	5.04049
1.33077	5.10505
1.34134	5.17062
1.3519	5.23774
1.36247	5.30562
1.37304	5.37348
1.38361	5.44107
1.39417	5.50813
1.40474	5.57435
1.41531	5.63937
1.42587	5.70282
1.43644	5.76425
1.44701	5.82328
1.45758	5.87999
1.46814	5.9341
1.47871	5.98452
1.48928	6.03051
1.49984	6.07159
1.51041	6.10721
1.52098	6.13692
1.53155	6.16025
1.54211	6.17678
1.55268	6.18613
1.56325	6.18855
1.57382	6.18376
1.58438	6.17131
1.59495	6.15162
1.60552	6.12599
1.61608	6.09436
1.62665	6.05485
1.63722	6.00757
1.64779	5.9526
1.65835	5.89074
1.66892	5.82222
1.67949	5.74616
1.69005	5.66291
1.70062	5.57292
1.71119	5.47728
1.72176	5.37654
1.73232	5.27067
1.74289	5.16029
1.75346	5.04606
1.76402	4.92865
1.77459	4.80875
1.78516	4.68712
1.79573	4.56442
1.80629	4.44197
1.81686	4.3205
1.82743	4.20006
1.83799	4.08132
1.84856	3.96493
1.85913	3.8515
1.8697	3.74158
1.88026	3.63573
1.89083	3.53445
1.9014	3.43821
1.91196	3.34743
1.92253	3.26248
1.9331	3.18371
1.94367	3.11202
1.95423	3.04763
1.9648	2.99018
1.97537	2.9398
1.98593	2.8966
1.9965	2.86066
2.00707	2.83263
2.01764	2.81249
2.0282	2.79959
2.03877	2.79385
2.04934	2.79514
2.0599	2.80331
2.07047	2.81821
2.08104	2.83959
2.09161	2.86724
2.10217	2.90088
2.11274	2.94022
2.12331	2.98495
2.13387	3.03474
2.14444	3.08921
2.15501	3.14798
2.16558	3.2107
2.17614	3.27692
2.18671	3.34622
2.19728	3.41817
2.20784	3.49232
2.21841	3.56824
2.22898	3.64545
2.23955	3.72352
2.25011	3.80259
2.26068	3.8822
2.27125	3.96251
2.28181	4.04309
2.29238	4.12225
2.30295	4.19957
2.31352	4.27463
2.32408	4.34702
2.33465	4.41638
2.34522	4.48236
2.35579	4.54464
2.36635	4.60353
2.37692	4.65875
2.38749	4.70947
2.39805	4.75547
2.40862	4.79657
2.41919	4.83383
2.42976	4.86713
2.44032	4.89513
2.45089	4.91778
2.46146	4.93562
2.47202	4.94925
2.48259	4.95803
2.49316	4.96202
2.50373	4.96124
2.51429	4.95514
2.52486	4.94379
2.53543	4.92734
2.54599	4.90592
2.55656	4.88004
2.56713	4.84991
2.5777	4.81525
2.58826	4.77634
2.59883	4.73333
2.6094	4.68689
2.61996	4.63723
2.63053	4.58418
2.6411	4.52802
2.65167	4.46902
2.66223	4.40744
2.6728	4.34456
2.68337	4.28065
2.69393	4.21496
2.7045	4.14897
2.71507	4.08293
2.72564	4.01585
2.7362	3.94798
2.74677	3.87955
2.75734	3.81075
2.7679	3.7418
2.77847	3.67349
2.78904	3.60599
2.79961	3.53886
2.81017	3.47224
2.82074	3.40624
2.83131	3.34096
2.84187	3.2765
2.85244	3.21292
2.86301	3.15027
2.87358	3.08859
2.88414	3.0279
2.89471	2.96821
2.90528	2.90948
2.91584	2.85172
2.92641	2.79527
2.93698	2.74011
2.94755	2.68577
2.95811	2.6322
2.96868	2.57933
2.97925	2.52712
2.98981	2.4755
3.00038	2.42444
3.01095	2.37391
3.02152	2.32387
3.03208	2.27433
3.04265	2.22589
3.05322	2.17917
3.06378	2.1336
3.07435	2.0886
3.08492	2.04484
3.09549	2.00238
3.10605	1.9607
3.11662	1.91989
3.12719	1.88005
3.13775	1.84133
3.14832	1.80384
3.15889	1.76772
3.16946	1.73311
3.18002	1.70019
3.19059	1.66907
3.20116	1.63992
3.21173	1.61288
3.22229	1.58804
3.23286	1.56554
3.24343	1.54545
3.25399	1.52786
3.26456	1.51281
3.27513	1.50034
3.2857	1.49044
3.29626	1.4831
3.30683	1.47827
3.3174	1.47586
3.32796	1.47576
3.33853	1.47783
3.3491	1.48196
3.35967	1.48792
3.37023	1.49553
3.3808	1.50453
3.39137	1.51471
3.40193	1.52582
3.4125	1.53757
3.42307	1.5499
3.43364	1.56253
3.4442	1.57495
3.45477	1.58691
3.46534	1.59811
3.4759	1.60827
3.48647	1.61716
3.49704	1.62453
3.50761	1.63055
3.51817	1.63502
3.52874	1.63794
3.53931	1.63917
3.54987	1.63792
3.56044	1.63408
3.57101	1.62756
3.58158	1.61888
3.59214	1.60799
3.60271	1.59429
3.61328	1.57776
3.62384	1.55842
3.63441	1.53638
3.64498	1.51167
3.65555	1.48441
3.66611	1.45471
3.67668	1.42272
3.68725	1.3886
3.69781	1.35252
3.70838	1.31468
3.71895	1.27527
3.72952	1.2351
3.74008	1.19438
3.75065	1.15272
3.76122	1.1103
3.77178	1.06735
3.78235	1.02408
3.79292	0.98067
3.80349	0.93734
3.81405	0.89426
3.82462	0.85164
3.83519	0.80963
3.84575	0.76841
3.85632	0.72815
3.86689	0.68898
3.87746	0.65104
3.88802	0.61446
3.89859	0.57934
3.90916	0.5458
3.91972	0.51391
3.93029	0.48376
3.94086	0.45542
3.95143	0.42895
3.96199	0.40437
3.97256	0.38175
3.98313	0.36111
3.9937	0.34246
4.00426	0.3258
4.01483	0.31115
4.0254	0.29849
4.03596	0.28781
4.04653	0.27907
4.0571	0.27225
4.06767	0.26731
4.07823	0.26421
4.0888	0.2629
4.09937	0.26332
4.10993	0.26541
4.1205	0.2691
4.13107	0.27433
4.14164	0.28102
4.1522	0.28909
4.16277	0.29845
4.17334	0.30901
4.1839	0.32069
4.19447	0.33337
4.20504	0.34698
4.21561	0.3614
4.22617	0.37652
4.23674	0.39224
4.24731	0.40845
4.25787	0.42504
4.26844	0.4419
4.27901	0.4589
4.28958	0.47594
4.30014	0.49292
4.31071	0.5097
4.32128	0.52619
4.33184	0.54228
4.34241	0.55787
4.35298	0.57286
4.36355	0.58716
4.37411	0.60109
4.38468	0.61456
4.39525	0.62709
4.40581	0.63861
4.41638	0.64905
4.42695	0.65837
4.43752	0.66653
4.44808	0.67349
4.45865	0.67925
4.46922	0.6838
4.47978	0.68714
4.49035	0.6893
4.50092	0.69031
4.51149	0.69022
4.52205	0.6891
4.53262	0.68702
4.54319	0.68405
4.55375	0.68092
4.56432	0.67772
4.57489	0.67396
4.58546	0.66977
4.59602	0.66526
4.60659	0.66059
4.61716	0.65588
4.62772	0.65131
4.63829	0.64702
4.64886	0.64316
4.65943	0.63992
4.66999	0.63743
4.68056	0.63587
4.69113	0.63538
4.70169	0.63612
4.71226	0.63823
4.72283	0.64185
4.7334	0.64711
4.74396	0.65412
4.75453	0.66299
4.7651	0.6738
4.77566	0.68663
4.78623	0.70153
4.7968	0.71854
4.80737	0.73768
4.81793	0.75895
4.8285	0.78234
4.83907	0.80778
4.84964	0.83523
4.8602	0.8646
4.87077	0.89577
4.88134	0.92862
4.8919	0.96301
4.90247	0.99875
4.91304	1.03567
4.92361	1.07376
4.93417	1.11279
4.94474	1.15232
4.95531	1.19211
4.96587	1.23188
4.97644	1.27136
4.98701	1.31029
4.99758	1.34838
5.00814	1.38535
5.01871	1.42093
5.02928	1.45485
5.03984	1.48687
5.05041	1.51671
5.06098	1.54415
5.07155	1.56939
5.08211	1.59223
5.09268	1.61211
5.10325	1.62884
5.11381	1.64231
5.12438	1.65242
5.13495	1.65973
5.14552	1.66418
5.15608	1.66517
5.16665	1.6627
5.17722	1.65684
5.18778	1.64827
5.19835	1.6371
5.20892	1.62285
5.21949	1.60629
5.23005	1.58761
5.24062	1.56638
5.25119	1.54283
5.26175	1.5172
5.27232	1.48974
5.28289	1.4607
5.29346	1.43036
5.30402	1.399
5.31459	1.3669
5.32516	1.33433
5.33572	1.30159
5.34629	1.26891
5.35686	1.23656
5.36743	1.2048
5.37799	1.17384
5.38856	1.14391
5.39913	1.11521
5.40969	1.0879
5.42026	1.06216
5.43083	1.03812
5.4414	1.0159
5.45196	0.99561
5.46253	0.9773
5.4731	0.96104
5.48366	0.94689
5.49423	0.93487
5.5048	0.92497
5.51537	0.9172
5.52593	0.91153
5.5365	0.90795
5.54707	0.90641
5.55763	0.90707
5.5682	0.90988
5.57877	0.91457
5.58934	0.92109
5.5999	0.92937
5.61047	0.93935
5.62104	0.95094
5.63161	0.96409
5.64217	0.97872
5.65274	0.99477
5.66331	1.01217
5.67387	1.03145
5.68444	1.05253
5.69501	1.07474
5.70558	1.09798
5.71614	1.12216
5.72671	1.1472
5.73728	1.17301
5.74784	1.19947
5.75841	1.2265
5.76898	1.25398
5.77955	1.2818
5.79011	1.30984
5.80068	1.33798
5.81125	1.36609
5.82181	1.39404
5.83238	1.4217
5.84295	1.44893
5.85352	1.4756
5.86408	1.50157
5.87465	1.52669
5.88522	1.55086
5.89578	1.57392
5.90635	1.59578
5.91692	1.61631
5.92749	1.63541
5.93805	1.65299
5.94862	1.66898
5.95919	1.68391
5.96975	1.69772
5.98032	1.70976
5.99089	1.72
6.00146	1.72844
6.01202	1.73626
6.02259	1.74352
6.03316	1.74896
6.04372	1.75261
6.05429	1.75452
6.06486	1.75476
6.07543	1.75337
6.08599	1.75042
6.09656	1.74599
6.10713	1.74017
6.11769	1.73306
6.12826	1.72474
6.13883	1.7153
6.1494	1.70487
6.15996	1.69351
6.17053	1.68131
6.1811	1.66838
6.19166	1.65477
6.20223	1.64057
6.2128	1.62584
6.22337	1.61063
6.23393	1.595
6.2445	1.57898
6.25507	1.56322
6.26563	1.54772
6.2762	1.5319
6.28677	1.51575
6.29734	1.49927
6.3079	1.48245
6.31847	1.46528
6.32904	1.44774
6.3396	1.42983
6.35017	1.41154
6.36074	1.39285
6.37131	1.37437
6.38187	1.3561
6.39244	1.33743
6.40301	1.31836
6.41358	1.29891
6.42414	1.2791
6.43471	1.25897
6.44528	1.23855
6.45584	1.21791
6.46641	1.19709
6.47698	1.17619
6.48755	1.15527
6.49811	1.13443
6.50868	1.11376
6.51925	1.09338
6.52981	1.07398
6.54038	1.05568
6.55095	1.03797
6.56152	1.02096
6.57208	1.00474
6.58265	0.98942
6.59322	0.97507
6.60378	0.96181
6.61435	0.94969
6.62492	0.93879
6.63549	0.92915
6.64605	0.92082
6.65662	0.91382
6.66719	0.90817
6.67775	0.90386
6.68832	0.90087
6.69889	0.89915
6.70946	0.89867
6.72002	0.89933
6.73059	0.90105
6.74116	0.90372
6.75172	0.90722
6.76229	0.91142
6.77286	0.91617
6.78343	0.92132
6.79399	0.9267
6.80456	0.93214
6.81513	0.93748
6.82569	0.94253
6.83626	0.94713
6.84683	0.95111
6.8574	0.95431
6.86796	0.95658
6.87853	0.95776
6.8891	0.95776
6.89966	0.95646
6.91023	0.95375
6.9208	0.94958
6.93137	0.94385
6.94193	0.93781
6.9525	0.93141
6.96307	0.92342
6.97363	0.91386
6.9842	0.90276
6.99477	0.89019
7.00534	0.87622
7.0159	0.86096
7.02647	0.84455
7.03704	0.82708
7.0476	0.80874
7.05817	0.78968
7.06874	0.77008
7.07931	0.75012
7.08987	0.73001
7.10044	0.70994
7.11101	0.69011
7.12157	0.67071
7.13214	0.65195
7.14271	0.63402
7.15328	0.6171
7.16384	0.60135
7.17441	0.58694
7.18498	0.57404
7.19554	0.56277
7.20611	0.55325
7.21668	0.54557
7.22725	0.53982
7.23781	0.53608
7.24838	0.53437
7.25895	0.53473
7.26952	0.53718
7.28008	0.54168
7.29065	0.54821
7.30122	0.55675
7.31178	0.56721
7.32235	0.57951
7.33292	0.59356
7.34349	0.60927
7.35405	0.62649
7.36462	0.6451
7.37519	0.66496
7.38575	0.68593
7.39632	0.70785
7.40689	0.73058
7.41746	0.75396
7.42802	0.77782
7.43859	0.80203
7.44916	0.82641
7.45972	0.85086
7.47029	0.8752
7.48086	0.89933
7.49143	0.9231
7.50199	0.94642
7.51256	0.96917
7.52313	0.99188
7.53369	1.01447
7.54426	1.03624
7.55483	1.05714
7.5654	1.0771
7.57596	1.0961
7.58653	1.1141
7.5971	1.13108
7.60766	1.14703
7.61823	1.16195
7.6288	1.17644
7.63937	1.19053
7.64993	1.20361
7.6605	1.2157
7.67107	1.22681
7.68163	1.23698
7.6922	1.24622
7.70277	1.25456
7.71334	1.26202
7.7239	1.26864
7.73447	1.27445
7.74504	1.27945
7.7556	1.28369
7.76617	1.28719
7.77674	1.28996
7.78731	1.29204
7.79787	1.29344
7.80844	1.29419
7.81901	1.29431
7.82957	1.29382
7.84014	1.29275
7.85071	1.29112
7.86128	1.28893
7.87184	1.28687
7.88241	1.28494
7.89298	1.28255
7.90354	1.27974
7.91411	1.27652
7.92468	1.27293
7.93525	1.269
7.94581	1.26538
7.95638	1.26211
7.96695	1.25859
7.97751	1.25487
7.98808	1.25097
7.99865	1.24692
8.00922	1.24274
8.01978	1.23848
8.03035	1.23415
8.04092	1.22977
8.05149	1.22537
8.06205	1.22097
8.07262	1.21656
8.08319	1.21215
8.09375	1.20776
8.10432	1.20336
8.11489	1.19896
8.12546	1.19455
8.13602	1.1901
8.14659	1.18558
8.15716	1.181
8.16772	1.1763
8.17829	1.17146
8.18886	1.16645
8.19943	1.16123
8.20999	1.15578
8.22056	1.15007
8.23113	1.14448
8.24169	1.13897
8.25226	1.13313
8.26283	1.12752
8.2734	1.12214
8.28396	1.11635
8.29453	1.11015
8.3051	1.10353
8.31566	1.0965
8.32623	1.08909
8.3368	1.08128
8.34737	1.07312
8.35793	1.06465
8.3685	1.05593
8.37907	1.04701
8.38963	1.03796
8.4002	1.02885
8.41077	1.01977
8.42134	1.01082
8.4319	1.00209
8.44247	0.99367
8.45304	0.98571
8.4636	0.9783
8.47417	0.97155
8.48474	0.96558
8.49531	0.96053
8.50587	0.9565
8.51644	0.95423
8.52701	0.95383
8.53757	0.95479
8.54814	0.95721
8.55871	0.9612
8.56928	0.96683
8.57984	0.97418
8.59041	0.98331
8.60098	0.99429
8.61154	1.00717
8.62211	1.02196
8.63268	1.0387
8.64325	1.05738
8.65381	1.07799
8.66438	1.10052
8.67495	1.12492
8.68551	1.15113
8.69608	1.17908
8.70665	1.20868
8.71722	1.23983
8.72778	1.27241
8.73835	1.30629
8.74892	1.34134
8.75948	1.37739
8.77005	1.41429
8.78062	1.45187
8.79119	1.48993
8.80175	1.52833
8.81232	1.56687
8.82289	1.60536
8.83345	1.64362
8.84402	1.68148
8.85459	1.71875
8.86516	1.75526
8.87572	1.79147
8.88629	1.82722
8.89686	1.86234
8.90743	1.8967
8.91799	1.92954
8.92856	1.96073
8.93913	1.99016
8.94969	2.01773
8.96026	2.04333
8.97083	2.0669
8.9814	2.08876
8.99196	2.10886
9.00253	2.12675
9.0131	2.14238
9.02366	2.15572
9.03423	2.16675
9.0448	2.17546
9.05537	2.18203
9.06593	2.18646
9.0765	2.18914
9.08707	2.19008
9.09763	2.18866
9.1082	2.18488
9.11877	2.17874
9.12934	2.17025
9.1399	2.15941
9.15047	2.14622
9.16104	2.13071
9.1716	2.11288
9.18217	2.09275
9.19274	2.07036
9.20331	2.04573
9.21387	2.01889
9.22444	1.98989
9.23501	1.95878
9.24557	1.92682
9.25614	1.89408
9.26671	1.85939
9.27728	1.82283
9.28784	1.78446
9.29841	1.74437
9.30898	1.70267
9.31954	1.65945
9.33011	1.61485
9.34068	1.56898
9.35125	1.522
9.36181	1.47404
9.37238	1.42589
9.38295	1.37769
9.39351	1.329
9.40408	1.28
9.41465	1.23086
9.42522	1.18174
9.43578	1.13283
9.44635	1.08434
9.45692	1.03641
9.46748	0.98922
9.47805	0.94295
9.48862	0.89775
9.49919	0.85379
9.50975	0.81121
9.52032	0.77016
9.53089	0.73077
9.54145	0.69315
9.55202	0.65742
9.56259	0.62367
9.57316	0.59198
9.58372	0.56241
9.59429	0.53503
9.60486	0.50986
9.61542	0.48694
9.62599	0.46627
9.63656	0.44785
9.64713	0.43166
9.65769	0.41768
9.66826	0.40585
9.67883	0.39612
9.6894	0.38844
9.69996	0.38271
9.71053	0.37886
9.7211	0.37679
9.73166	0.3764
9.74223	0.37758
9.7528	0.38023
9.76337	0.38423
9.77393	0.38947
9.7845	0.39583
9.79507	0.40318
9.80563	0.41144
9.8162	0.42047
9.82677	0.43023
9.83734	0.44055
9.8479	0.45138
9.85847	0.46262
9.86904	0.47421
9.8796	0.4861
9.89017	0.49822
9.90074	0.51055
9.91131	0.52305
9.92187	0.53574
9.93244	0.54858
9.94301	0.56159
9.95357	0.57479
9.96414	0.58881
9.97471	0.60369
9.98528	0.61886
9.99584	0.63435
10.00641	0.65023
10.01698	0.66653
10.02754	0.68331
10.03811	0.70061
10.04868	0.71849
10.05925	0.73699
10.06981	0.75615
10.08038	0.776
10.09095	0.79657
10.10151	0.81787
10.11208	0.8399
10.12265	0.86265
10.13322	0.88609
10.14378	0.9102
10.15435	0.93491
10.16492	0.96014
10.17548	0.98587
10.18605	1.01197
10.19662	1.03834
10.20719	1.06486
10.21775	1.09143
10.22832	1.11791
10.23889	1.14419
10.24945	1.17011
10.26002	1.19555
10.27059	1.22037
10.28116	1.24447
10.29172	1.2677
10.30229	1.28999
10.31286	1.31123
10.32342	1.33133
10.33399	1.35024
10.34456	1.36791
10.35513	1.3843
10.36569	1.3998
10.37626	1.41502
10.38683	1.42956
10.39739	1.44345
10.40796	1.45673
10.41853	1.46881
10.4291	1.47978
10.43966	1.48969
10.45023	1.49861
10.4608	1.50665
10.47136	1.51389
10.48193	1.52041
10.4925	1.52633
10.50307	1.53173
10.51363	1.53669
10.5242	1.5413
10.53477	1.54561
10.54534	1.54971
10.5559	1.55362
10.56647	1.55738
10.57704	1.56102
10.5876	1.56452
10.59817	1.56789
10.60874	1.57108
10.61931	1.57407
10.62987	1.57679
10.64044	1.57918
10.65101	1.58117
10.66157	1.58267
10.67214	1.58359
10.68271	1.58384
10.69328	1.58333
10.70384	1.58197
10.71441	1.57967
10.72498	1.57636
10.73554	1.57197
10.74611	1.56764
10.75668	1.56332
10.76725	1.55776
10.77781	1.5509
10.78838	1.54274
10.79895	1.53326
10.80951	1.5225
10.82008	1.51047
10.83065	1.49722
10.84122	1.48343
10.85178	1.46916
10.86235	1.4539
10.87292	1.43775
10.88348	1.42079
10.89405	1.40316
10.90462	1.38496
10.91519	1.36633
10.92575	1.34738
10.93632	1.32824
10.94689	1.30903
10.95745	1.28987
10.96802	1.27087
10.97859	1.25214
10.98916	1.23377
10.99972	1.21587
11.01029	1.19848
11.02086	1.18169
11.03142	1.16554
11.04199	1.15009
11.05256	1.13536
11.06313	1.12137
11.07369	1.10814
11.08426	1.09567
11.09483	1.08396
11.10539	1.07298
11.11596	1.06272
11.12653	1.05316
11.1371	1.04426
11.14766	1.03618
11.15823	1.02951
11.1688	1.02399
11.17936	1.01896
11.18993	1.01438
11.2005	1.01018
11.21107	1.00634
11.22163	1.0028
11.2322	0.99952
11.24277	0.99647
11.25333	0.99361
11.2639	0.99092
11.27447	0.98837
11.28504	0.98593
11.2956	0.9836
11.30617	0.98137
11.31674	0.97922
11.32731	0.97716
11.33787	0.97519
11.34844	0.9733
11.35901	0.9715
11.36957	0.96979
11.38014	0.96818
11.39071	0.96668
11.40128	0.96531
11.41184	0.96406
11.42241	0.96356
11.43298	0.96381
11.44354	0.9642
11.45411	0.96473
11.46468	0.96539
11.47525	0.9662
11.48581	0.96713
11.49638	0.96816
11.50695	0.9693
11.51751	0.97054
11.52808	0.97184
11.53865	0.97321
11.54922	0.9746
11.55978	0.97601
11.57035	0.9776
11.58092	0.97935
11.59148	0.98102
11.60205	0.98257
11.61262	0.98396
11.62319	0.98515
11.63375	0.98609
11.64432	0.98674
11.65489	0.98704
11.66545	0.98693
11.67602	0.98641
11.68659	0.98541
11.69716	0.98386
11.70772	0.98175
11.71829	0.97899
11.72886	0.97618
11.73942	0.97325
11.74999	0.96957
11.76056	0.96509
11.77113	0.95979
11.78169	0.95363
11.79226	0.94659
11.80283	0.93866
11.81339	0.92983
11.82396	0.92011
11.83453	0.90952
11.8451	0.89807
11.85566	0.88581
11.86623	0.87278
11.8768	0.85903
11.88736	0.84463
11.89793	0.82966
11.9085	0.81419
11.91907	0.79893
11.92963	0.78397
11.9402	0.76881
11.95077	0.75356
11.96133	0.73832
11.9719	0.72321
11.98247	0.70836
11.99304	0.69388
12.0036	0.67991
12.01417	0.66658
12.02474	0.65401
12.0353	0.64232
12.04587	0.63168
12.05644	0.62214
12.06701	0.61385
12.07757	0.60691
12.08814	0.60143
12.09871	0.59751
12.10927	0.59523
12.11984	0.59465
12.13041	0.59585
12.14098	0.59889
12.15154	0.60379
12.16211	0.6106
12.17268	0.61934
12.18325	0.63002
12.19381	0.64263
12.20438	0.65715
12.21495	0.67358
12.22551	0.69186
12.23608	0.71196
12.24665	0.73383
12.25722	0.7574
12.26778	0.7826
12.27835	0.80935
12.28892	0.83757
12.29948	0.86718
12.31005	0.89807
12.32062	0.93016
12.33119	0.96332
12.34175	0.99744
12.35232	1.03244
12.36289	1.0682
12.37345	1.10459
12.38402	1.1415
12.39459	1.17941
12.40516	1.21821
12.41572	1.25716
12.42629	1.29613
12.43686	1.33518
12.44742	1.37421
12.45799	1.41286
12.46856	1.451
12.47913	1.48851
12.48969	1.52526
12.50026	1.56114
12.51083	1.59602
12.52139	1.6298
12.53196	1.66237
12.54253	1.69361
12.5531	1.72345
12.56366	1.75179
12.57423	1.77855
12.5848	1.80366
12.59536	1.82705
12.60593	1.84868
12.6165	1.86849
12.62707	1.88707
12.63763	1.90437
12.6482	1.91975
12.65877	1.93323
12.66933	1.94479
12.6799	1.95503
12.69047	1.96396
12.70104	1.97161
12.7116	1.97796
12.72217	1.98245
12.73274	1.98511
12.7433	1.98595
12.75387	1.98503
12.76444	1.9824
12.77501	1.9781
12.78557	1.9722
12.79614	1.96475
12.80671	1.95583
12.81727	1.94551
12.82784	1.93387
12.83841	1.92095
12.84898	1.90689
12.85954	1.89173
12.87011	1.87556
12.88068	1.85867
12.89124	1.84115
12.90181	1.82286
12.91238	1.80391
12.92295	1.78436
12.93351	1.7643
12.94408	1.74382
12.95465	1.72302
12.96522	1.70315
12.97578	1.68431
12.98635	1.66534
12.99692	1.64629
13.00748	1.62723
13.01805	1.60823
13.02862	1.58931
13.03919	1.57052
13.04975	1.55191
13.06032	1.53353
13.07089	1.51543
13.08145	1.49762
13.09202	1.48015
13.10259	1.46302
13.11316	1.44628
13.12372	1.42993
13.13429	1.41398
13.14486	1.39844
13.15542	1.38332
13.16599	1.3686
13.17656	1.35429
13.18713	1.34036
13.19769	1.32682
13.20826	1.31364
13.21883	1.30081
13.22939	1.2883
13.23996	1.27671
13.25053	1.26602
13.2611	1.2556
13.27166	1.24542
13.28223	1.23546
13.2928	1.22573
13.30336	1.2162
13.31393	1.20687
13.3245	1.19777
13.33507	1.1889
13.34563	1.18028
13.3562	1.17194
13.36677	1.16453
13.37733	1.15809
13.3879	1.15206
13.39847	1.14649
13.40904	1.14144
13.4196	1.13698
13.43017	1.13317
13.44074	1.13009
13.4513	1.12783
13.46187	1.12646
13.47244	1.12609
13.48301	1.12678
13.49357	1.12863
13.50414	1.13173
13.51471	1.13615
13.52527	1.14197
13.53584	1.14926
13.54641	1.15808
13.55698	1.16849
13.56754	1.18054
13.57811	1.19424
13.58868	1.20962
13.59924	1.22666
13.60981	1.24538
13.62038	1.26633
13.63095	1.28947
13.64151	1.31411
13.65208	1.34015
13.66265	1.36747
13.67321	1.39594
13.68378	1.4254
13.69435	1.45567
13.70492	1.48656
13.71548	1.51787
13.72605	1.54936
13.73662	1.5808
13.74718	1.61193
13.75775	1.6425
13.76832	1.67223
13.77889	1.70085
13.78945	1.72808
13.80002	1.75365
13.81059	1.77728
13.82116	1.79872
13.83172	1.8177
13.84229	1.83398
13.85286	1.84733
13.86342	1.85756
13.87399	1.86508
13.88456	1.8697
13.89513	1.87072
13.90569	1.86801
13.91626	1.86147
13.92683	1.85106
13.93739	1.83797
13.94796	1.8222
13.95853	1.80256
13.9691	1.77912
13.97966	1.75197
13.99023	1.72184
14.0008	1.68887
14.01136	1.65264
14.02193	1.61334
14.0325	1.57118
14.04307	1.52642
14.05363	1.4793
14.0642	1.43011
14.07477	1.37912
14.08533	1.32662
14.0959	1.27292
14.10647	1.21831
14.11704	1.16307
14.1276	1.10751
14.13817	1.05191
14.14874	0.99652
14.1593	0.94161
14.16987	0.88743
14.18044	0.83419
14.19101	0.78211
14.20157	0.73136
14.21214	0.68212
14.22271	0.63452
14.23327	0.5887
14.24384	0.54474
14.25441	0.50274
14.26498	0.46275
14.27554	0.42481
14.28611	0.38894
14.29668	0.35517
14.30724	0.32347
14.31781	0.29381
14.32838	0.26617
14.33895	0.24048
14.34951	0.21669
14.36008	0.19474
14.37065	0.17454
14.38121	0.15602
14.39178	0.13909
14.40235	0.12368
14.41292	0.10967
14.42348	0.097
14.43405	0.08557
14.44462	0.07528
14.45518	0.06606
14.46575	0.05783
14.47632	0.05049
14.48689	0.04398
14.49745	0.03822
14.50802	0.03314
14.51859	0.02869
14.52915	0.02479
14.53972	0.02138
14.55029	0.01845
14.56086	0.01591
14.57142	0.01374
14.58199	0.0119
14.59256	0.01035
14.60313	0.00906
14.61369	0.00801
14.62426	0.00717
14.63483	0.00653
14.64539	0.00606
14.65596	0.00575
14.66653	0.0056
14.6771	0.00558
14.68766	0.0057
14.69823	0.00596
14.7088	0.00634
14.71936	0.00684
14.72993	0.00748
14.7405	0.00824
14.75107	0.00913
14.76163	0.01016
14.7722	0.01133
14.78277	0.01264
14.79333	0.01408
14.8039	0.0157
14.81447	0.01747
14.82504	0.0194
14.8356	0.02151
14.84617	0.02378
14.85674	0.02622
14.8673	0.02886
14.87787	0.03168
14.88844	0.03468
14.89901	0.03786
14.90957	0.04121
14.92014	0.04475
14.93071	0.04845
14.94127	0.05232
14.95184	0.05634
14.96241	0.06049
14.97298	0.06477
14.98354	0.06917
14.99411	0.07365
15.00468	0.07821
15.01524	0.08281
15.02581	0.08744
15.03638	0.09208
15.04695	0.09669
15.05751	0.10125
15.06808	0.10572
15.07865	0.11009
15.08921	0.11432
15.09978	0.11838
15.11035	0.12224
15.12092	0.12588
15.13148	0.12926
15.14205	0.13236
15.15262	0.13517
15.16318	0.13764
15.17375	0.13977
15.18432	0.14154
15.19489	0.14293
15.20545	0.14393
15.21602	0.14453
15.22659	0.14473
15.23715	0.14473
15.24772	0.14453
15.25829	0.14393
15.26886	0.14293
15.27942	0.14154
15.28999	0.13977
15.30056	0.13764
15.31112	0.13517
15.32169	0.13236
15.33226	0.12926
15.34283	0.12588
15.35339	0.12224
15.36396	0.11838
15.37453	0.11432
15.3851	0.11009
15.39566	0.10572
15.40623	0.10125
15.4168	0.09669
15.42736	0.09208
15.43793	0.08744
15.4485	0.08281
15.45907	0.07821
15.46963	0.07365
15.4802	0.06917
15.49077	0.06477
15.50133	0.06049
15.5119	0.05634
15.52247	0.05232
15.53304	0.04845
15.5436	0.04475
15.55417	0.04121
15.56474	0.03785
15.5753	0.03466
15.58587	0.03165
15.59644	0.02883
15.60701	0.02618
15.61757	0.02371
15.62814	0.02141
15.63871	0.01929
15.64927	0.01732
15.65984	0.01551
15.67041	0.01385
15.68098	0.01234
15.69154	0.01096
15.70211	0.0097
15.71268	0.00857
15.72324	0.00755
15.73381	0.00663
15.74438	0.00581
15.75495	0.00507
15.76551	0.00442
15.77608	0.00384
15.78665	0.00332
15.79721	0.00287
15.80778	0.00247
15.81835	0.00212
15.82892	0.00182
15.83948	0.00155
15.85005	0.00132
15.86062	0.00112
15.87118	9.51204E-4
15.88175	8.03386E-4
15.89232	6.76648E-4
15.90289	5.68314E-4
15.91345	4.75994E-4
15.92402	3.9756E-4
15.93459	3.31125E-4
15.94515	2.75022E-4
15.95572	2.27789E-4
15.96629	1.88141E-4
15.97686	1.54961E-4
15.98742	1.27277E-4
15.99799	1.04247E-4
16.00856	8.51463E-5
17.23435	0
