-1.25372	0
-1.24826	0
-1.2428	0
-1.23734	0
-1.23189	0
-1.22643	0
-1.22097	0
-1.21552	0
-1.21006	0
-1.2046	0
-1.19914	0
-1.19369	0
-1.18823	0
-1.18277	0
-1.17732	0
-1.17186	0
-1.1664	0
-1.16094	0
-1.15549	0
-1.15003	0
-1.14457	0
-1.13912	0
-1.13366	0
-1.1282	0
-1.12274	0
-1.11729	0
-1.11183	0
-1.10637	0
-1.10092	0
-1.09546	0
-1.09	0
-1.08454	0
-1.07909	0
-1.07363	0
-1.06817	0
-1.06272	0
-1.05726	0
-1.0518	0
-1.04634	0
-1.04089	0
-1.03543	0
-1.02997	0
-1.02452	0
-1.01906	0
-1.0136	0
-1.00814	0
-1.00269	0
-0.99723	0
-0.99177	0
-0.98632	0
-0.98086	0
-0.9754	0
-0.96994	0
-0.96449	0
-0.95903	0
-0.95357	0
-0.94812	0
-0.94266	0
-0.9372	0
-0.93174	0
-0.92629	0
-0.92083	0
-0.91537	0
-0.90992	0
-0.90446	0
-0.899	0
-0.89354	0
-0.88809	0
-0.88263	0
-0.87717	0
-0.87172	0
-0.86626	0
-0.8608	0
-0.85534	0
-0.84989	0
-0.84443	0
-0.83897	0
-0.83352	0
-0.82806	0
-0.8226	0
-0.81714	0
-0.81169	0
-0.80623	0
-0.80077	0
-0.79532	0
-0.78986	0
-0.7844	0
-0.77894	0
-0.77349	0
-0.76803	0
-0.76257	0
-0.75712	0
-0.75166	0
-0.7462	0
-0.74074	0
-0.73529	0
-0.72983	0
-0.72437	0
-0.71892	0
-0.71346	0
-0.708	0
-0.70254	0
-0.69709	0
-0.69163	0
-0.68617	0
-0.68072	0
-0.67526	0
-0.6698	0
-0.66434	0
-0.65889	0
-0.65343	0
-0.64797	0
-0.64252	0
-0.63706	0
-0.6316	0
-0.62614	0
-0.62069	0
-0.61523	0
-0.60977	0
-0.60432	0
-0.59886	0
-0.5934	0
-0.58794	0
-0.58249	0
-0.57703	0
-0.57157	0
-0.56612	0
-0.56066	0
-0.5552	0
-0.54974	0
-0.54429	0
-0.53883	0
-0.53337	0
-0.52792	0
-0.52246	0
-0.517	0
-0.51154	0
-0.50609	0
-0.50063	0
-0.49517	0
-0.48972	0
-0.48426	0
-0.4788	0
-0.47334	0
-0.46789	0
-0.46243	0
-0.45697	0
-0.45152	0
-0.44606	0
-0.4406	0
-0.43514	0
-0.42969	0
-0.42423	0
-0.41877	0
-0.41332	0
-0.40786	0
-0.4024	0
-0.39694	0
-0.39149	0
-0.38603	0
-0.38057	0
-0.37512	0
-0.36966	0
-0.3642	0
-0.35874	0
-0.35329	0
-0.34783	0
-0.34237	0
-0.33692	0
-0.33146	0
-0.326	0
-0.32054	0
-0.31509	0
-0.30963	0
-0.30417	0
-0.29872	0
-0.29326	0
-0.2878	0
-0.28234	0
-0.27689	0
-0.27143	0
-0.26597	0
-0.26052	0
-0.25506	0
-0.2496	0
-0.24414	0
-0.23869	0
-0.23323	0
-0.22777	0
-0.22232	0
-0.21686	0
-0.2114	0
-0.20594	0
-0.20049	0
-0.19503	0
-0.18957	0
-0.18412	0
-0.17866	0
-0.1732	0
-0.16774	0
-0.16229	0
-0.15683	0
-0.15137	0
-0.14592	0
-0.14046	0
-0.135	0
-0.12954	0
-0.12409	0
-0.11863	0
-0.11317	0
-0.10772	0
-0.10226	0
-0.0968	0
-0.09134	0
-0.08589	0
-0.08043	0
-0.07497	0
-0.06952	0
-0.06406	0
-0.0586	0
-0.05314	0
-0.04769	0
-0.04223	0
-0.03677	0
-0.03132	0
-0.02586	0
-0.0204	0
-0.01494	0
-0.00949	0
-0.00403	0
0.00143	0
0.00688	0
0.01234	0
0.0178	0
0.02326	0
0.02871	0
0.03417	0
0.03963	0
0.04508	0
0.05054	0
0.056	0
0.06146	0
0.06691	0
0.07237	0
0.07783	0
0.08328	0
0.08874	0
0.0942	0
0.09966	0
0.10511	0
0.11057	0
0.11603	0
0.12148	0
0.12694	0
0.1324	0
0.13786	0
0.14331	0
0.14877	0
0.15423	0
0.15968	0
0.16514	0
0.1706	0
0.17606	0
0.18151	0
0.18697	0
0.19243	0
0.19788	0
0.20334	0
0.2088	0
0.21426	0
0.21971	0
0.22517	0
0.23063	0
0.23608	0
0.24154	0
0.247	0
0.25246	0
0.25791	0
0.26337	0
0.26883	0
0.27428	0
0.27974	0
0.2852	0
0.29066	0
0.29611	0
0.30157	0
0.30703	0
0.31248	0
0.31794	0
0.3234	0
0.32886	0
0.33431	0
0.33977	0
0.34523	0
0.35068	0
0.35614	0
0.3616	0
0.36706	0
0.37251	0
0.37797	0
0.38343	0
0.38888	0
0.39434	0
0.3998	0
0.40526	0
0.41071	0
0.41617	0
0.42163	0
0.42708	0
0.43254	0
0.438	0
0.44346	0
0.44891	0
0.45437	0
0.45983	0
0.46528	0
0.47074	0
0.4762	0
0.48166	0
0.48711	0
0.49257	0
0.49803	0
0.50348	0
0.50894	0
0.5144	0
0.51986	0
0.52531	0
0.53077	0
0.53623	0
0.54168	0
0.54714	0
0.5526	0
0.55806	0
0.56351	0
0.56897	0
0.57443	0
0.57988	0
0.58534	0
0.5908	0
0.59626	0
0.60171	0
0.60717	0
0.61263	0
0.61808	0
0.62354	0
0.629	0
0.63446	0
0.63991	0
0.64537	0
0.65083	0
0.65628	0
0.66174	0
0.6672	0
0.67266	0
0.67811	0
0.68357	0
0.68903	0
0.69448	0
0.69994	0
0.7054	0
0.71086	8.45503E-7
0.71631	1.08098E-6
0.72177	1.37792E-6
0.72723	1.75121E-6
0.73268	2.21901E-6
0.73814	2.80341E-6
0.7436	3.53119E-6
0.74906	4.43468E-6
0.75451	5.55277E-6
0.75997	6.93208E-6
0.76543	8.62829E-6
0.77088	1.07076E-5
0.77634	1.32485E-5
0.7818	1.63436E-5
0.78726	2.01018E-5
0.79271	2.46507E-5
0.79817	3.01391E-5
0.80363	3.67398E-5
0.80908	4.46531E-5
0.81454	5.41093E-5
0.82	6.53732E-5
0.82546	7.87469E-5
0.83091	9.45746E-5
0.83637	1.13246E-4
0.84183	1.352E-4
0.84728	1.6093E-4
0.85274	1.90987E-4
0.8582	2.25984E-4
0.86366	2.66599E-4
0.86911	3.13578E-4
0.87457	3.67739E-4
0.88003	4.29972E-4
0.88548	5.01242E-4
0.89094	5.82588E-4
0.8964	6.75122E-4
0.90186	7.80027E-4
0.90731	8.98553E-4
0.91277	0.00103
0.91823	0.00118
0.92368	0.00135
0.92914	0.00154
0.9346	0.00174
0.94006	0.00197
0.94551	0.00223
0.95097	0.0025
0.95643	0.00281
0.96188	0.00314
0.96734	0.0035
0.9728	0.00389
0.97826	0.00431
0.98371	0.00476
0.98917	0.00525
0.99463	0.00576
1.00008	0.00631
1.00554	0.00689
1.011	0.0075
1.01646	0.00814
1.02191	0.00881
1.02737	0.0095
1.03283	0.01022
1.03828	0.01096
1.04374	0.01172
1.0492	0.0125
1.05466	0.01329
1.06011	0.01408
1.06557	0.01488
1.07103	0.01567
1.07648	0.01646
1.08194	0.01724
1.0874	0.018
1.09286	0.01874
1.09831	0.01945
1.10377	0.02013
1.10923	0.02077
1.11468	0.02136
1.12014	0.02191
1.1256	0.02241
1.13106	0.02284
1.13651	0.02322
1.14197	0.02353
1.14743	0.02378
1.15288	0.02396
1.15834	0.02407
1.1638	0.0241
1.16926	0.0241
1.17471	0.02407
1.18017	0.02396
1.18563	0.02378
1.19108	0.02353
1.19654	0.02322
1.202	0.02284
1.20746	0.02241
1.21291	0.02191
1.21837	0.02136
1.22383	0.02077
1.22928	0.02013
1.23474	0.01945
1.2402	0.01874
1.24566	0.018
1.25111	0.01724
1.25657	0.01646
1.26203	0.01567
1.26748	0.01488
1.27294	0.01408
1.2784	0.01329
1.28386	0.0125
1.28931	0.01172
1.29477	0.01096
1.30023	0.01022
1.30568	0.0095
1.31114	0.00881
1.3166	0.00814
1.32206	0.0075
1.32751	0.00689
1.33297	0.00631
1.33843	0.00577
1.34388	0.00525
1.34934	0.00477
1.3548	0.00432
1.36026	0.0039
1.36571	0.00351
1.37117	0.00316
1.37663	0.00283
1.38208	0.00253
1.38754	0.00226
1.393	0.00201
1.39846	0.00179
1.40391	0.00159
1.40937	0.00142
1.41483	0.00126
1.42028	0.00113
1.42574	0.00101
1.4312	9.13327E-4
1.43666	8.31911E-4
1.44211	7.66458E-4
1.44757	7.16229E-4
1.45303	6.80594E-4
1.45848	6.59033E-4
1.46394	6.51139E-4
1.4694	6.56613E-4
1.47486	6.75261E-4
1.48031	7.06992E-4
1.48577	7.51813E-4
1.49123	8.09814E-4
1.49668	8.81165E-4
1.50214	9.66106E-4
1.5076	0.00106
1.51306	0.00118
1.51851	0.00131
1.52397	0.00145
1.52943	0.00161
1.53488	0.00178
1.54034	0.00197
1.5458	0.00218
1.55126	0.0024
1.55671	0.00264
1.56217	0.00289
1.56763	0.00316
1.57308	0.00345
1.57854	0.00376
1.584	0.00407
1.58946	0.00441
1.59491	0.00475
1.60037	0.00511
1.60583	0.00548
1.61128	0.00586
1.61674	0.00625
1.6222	0.00664
1.62766	0.00704
1.63311	0.00744
1.63857	0.00784
1.64403	0.00823
1.64948	0.00862
1.65494	0.009
1.6604	0.00937
1.66586	0.00973
1.67131	0.01006
1.67677	0.01038
1.68223	0.01068
1.68768	0.01096
1.69314	0.0112
1.6986	0.01142
1.70405	0.01161
1.70951	0.01177
1.71497	0.01189
1.72043	0.01198
1.72588	0.01204
1.73134	0.01206
1.7368	0.01206
1.74225	0.01204
1.74771	0.01199
1.75317	0.0119
1.75863	0.01178
1.76408	0.01163
1.76954	0.01145
1.775	0.01123
1.78045	0.01099
1.78591	0.01073
1.79137	0.01044
1.79683	0.01013
1.80228	0.00981
1.80774	0.00947
1.8132	0.00913
1.81865	0.00877
1.82411	0.00842
1.82957	0.00806
1.83503	0.00771
1.84048	0.00736
1.84594	0.00703
1.8514	0.00671
1.85685	0.0064
1.86231	0.00612
1.86777	0.00587
1.87323	0.00564
1.87868	0.00545
1.88414	0.00529
1.8896	0.00518
1.89505	0.0051
1.90051	0.00508
1.90597	0.0051
1.91143	0.00518
1.91688	0.00532
1.92234	0.00553
1.9278	0.0058
1.93325	0.00614
1.93871	0.00655
1.94417	0.00705
1.94963	0.00762
1.95508	0.00828
1.96054	0.00903
1.966	0.00987
1.97145	0.01081
1.97691	0.01185
1.98237	0.01298
1.98783	0.01422
1.99328	0.01556
1.99874	0.017
2.0042	0.01854
2.00965	0.02018
2.01511	0.02193
2.02057	0.02376
2.02603	0.02569
2.03148	0.0277
2.03694	0.02979
2.0424	0.03195
2.04785	0.03418
2.05331	0.03645
2.05877	0.03877
2.06423	0.04112
2.06968	0.04349
2.07514	0.04585
2.0806	0.04821
2.08605	0.05054
2.09151	0.05283
2.09697	0.05505
2.10243	0.05721
2.10788	0.05927
2.11334	0.06123
2.1188	0.06307
2.12425	0.06477
2.12971	0.06632
2.13517	0.0677
2.14063	0.06891
2.14608	0.06994
2.15154	0.07077
2.157	0.0714
2.16245	0.07182
2.16791	0.07209
2.17337	0.0722
2.17883	0.07209
2.18428	0.07182
2.18974	0.0714
2.1952	0.07077
2.20065	0.06994
2.20611	0.06891
2.21157	0.0677
2.21703	0.06631
2.22248	0.06476
2.22794	0.06306
2.2334	0.06123
2.23885	0.05927
2.24431	0.0572
2.24977	0.05505
2.25523	0.05282
2.26068	0.05053
2.26614	0.0482
2.2716	0.04584
2.27705	0.04347
2.28251	0.04111
2.28797	0.03876
2.29343	0.03644
2.29888	0.03416
2.30434	0.03194
2.3098	0.02978
2.31525	0.02769
2.32071	0.02567
2.32617	0.02375
2.33163	0.02192
2.33708	0.02018
2.34254	0.01854
2.348	0.01701
2.35345	0.01558
2.35891	0.01426
2.36437	0.01304
2.36983	0.01193
2.37528	0.01092
2.38074	0.01002
2.3862	0.00922
2.39165	0.00852
2.39711	0.00792
2.40257	0.00742
2.40803	0.00702
2.41348	0.0067
2.41894	0.00648
2.4244	0.00635
2.42985	0.0063
2.43531	0.00635
2.44077	0.00647
2.44623	0.00668
2.45168	0.00696
2.45714	0.00733
2.4626	0.00777
2.46805	0.00829
2.47351	0.00888
2.47897	0.00954
2.48443	0.01028
2.48988	0.01108
2.49534	0.01195
2.5008	0.01288
2.50625	0.01387
2.51171	0.01492
2.51717	0.01603
2.52263	0.01718
2.52808	0.01838
2.53354	0.01963
2.539	0.02091
2.54445	0.02222
2.54991	0.02356
2.55537	0.02492
2.56083	0.02629
2.56628	0.02768
2.57174	0.02906
2.5772	0.03045
2.58265	0.03182
2.58811	0.03318
2.59357	0.03452
2.59903	0.03583
2.60448	0.03711
2.60994	0.03836
2.6154	0.03957
2.62085	0.04073
2.62631	0.04184
2.63177	0.0429
2.63723	0.04391
2.64268	0.04487
2.64814	0.04577
2.6536	0.04668
2.65905	0.04758
2.66451	0.04842
2.66997	0.04921
2.67543	0.04995
2.68088	0.05064
2.68634	0.05127
2.6918	0.05186
2.69725	0.0524
2.70271	0.0529
2.70817	0.05336
2.71363	0.05378
2.71908	0.05418
2.72454	0.05455
2.73	0.05489
2.73545	0.05521
2.74091	0.05552
2.74637	0.05582
2.75183	0.05612
2.75728	0.05641
2.76274	0.05671
2.7682	0.05702
2.77365	0.05735
2.77911	0.0577
2.78457	0.05807
2.79003	0.05848
2.79548	0.05893
2.80094	0.05942
2.8064	0.05997
2.81185	0.06058
2.81731	0.06131
2.82277	0.06216
2.82823	0.0631
2.83368	0.06412
2.83914	0.06523
2.8446	0.06644
2.85005	0.06775
2.85551	0.06916
2.86097	0.07069
2.86643	0.07232
2.87188	0.07407
2.87734	0.07593
2.8828	0.0779
2.88825	0.07998
2.89371	0.08217
2.89917	0.08445
2.90463	0.08683
2.91008	0.0893
2.91554	0.09184
2.921	0.09443
2.92645	0.09708
2.93191	0.09976
2.93737	0.10245
2.94283	0.10514
2.94828	0.10781
2.95374	0.11043
2.9592	0.11299
2.96465	0.11547
2.97011	0.11783
2.97557	0.12007
2.98103	0.12216
2.98648	0.12408
2.99194	0.12586
2.9974	0.12748
3.00285	0.12889
3.00831	0.13004
3.01377	0.13095
3.01923	0.13159
3.02468	0.13196
3.03014	0.13204
3.0356	0.1319
3.04105	0.13153
3.04651	0.13088
3.05197	0.12999
3.05743	0.12888
3.06288	0.1275
3.06834	0.12588
3.0738	0.12409
3.07925	0.12215
3.08471	0.12002
3.09017	0.11773
3.09563	0.11529
3.10108	0.11274
3.10654	0.11009
3.112	0.10739
3.11745	0.10465
3.12291	0.1019
3.12837	0.09918
3.13383	0.0965
3.13928	0.0939
3.14474	0.0914
3.1502	0.08902
3.15565	0.08679
3.16111	0.08472
3.16657	0.08284
3.17203	0.08116
3.17748	0.0797
3.18294	0.07846
3.1884	0.07745
3.19385	0.07668
3.19931	0.07615
3.20477	0.07587
3.21023	0.07583
3.21568	0.07604
3.22114	0.07647
3.2266	0.07713
3.23205	0.07801
3.23751	0.0791
3.24297	0.08038
3.24843	0.08184
3.25388	0.08347
3.25934	0.08526
3.2648	0.08719
3.27025	0.08924
3.27571	0.09141
3.28117	0.09367
3.28663	0.09602
3.29208	0.09845
3.29754	0.10093
3.303	0.10346
3.30845	0.10604
3.31391	0.10864
3.31937	0.11127
3.32483	0.11402
3.33028	0.11688
3.33574	0.11975
3.3412	0.1226
3.34665	0.12545
3.35211	0.12827
3.35757	0.13107
3.36303	0.13385
3.36848	0.13658
3.37394	0.13929
3.3794	0.14195
3.38485	0.14456
3.39031	0.14712
3.39577	0.14963
3.40123	0.15208
3.40668	0.15446
3.41214	0.15678
3.4176	0.15902
3.42305	0.16118
3.42851	0.16325
3.43397	0.16524
3.43943	0.16712
3.44488	0.16891
3.45034	0.17059
3.4558	0.17216
3.46125	0.17367
3.46671	0.17511
3.47217	0.17643
3.47763	0.17763
3.48308	0.17871
3.48854	0.17977
3.494	0.1808
3.49945	0.18171
3.50491	0.18249
3.51037	0.18315
3.51583	0.18368
3.52128	0.1841
3.52674	0.1844
3.5322	0.18459
3.53765	0.18468
3.54311	0.18468
3.54857	0.1846
3.55403	0.18444
3.55948	0.18421
3.56494	0.18399
3.5704	0.18377
3.57585	0.18351
3.58131	0.18323
3.58677	0.18293
3.59223	0.18263
3.59768	0.18233
3.60314	0.18203
3.6086	0.18176
3.61405	0.18152
3.61951	0.18131
3.62497	0.1812
3.63043	0.18119
3.63588	0.18124
3.64134	0.18136
3.6468	0.18154
3.65225	0.18179
3.65771	0.18213
3.66317	0.18254
3.66863	0.18304
3.67408	0.18369
3.67954	0.18448
3.685	0.18538
3.69045	0.18637
3.69591	0.18747
3.70137	0.18867
3.70683	0.18998
3.71228	0.19139
3.71774	0.19292
3.7232	0.1946
3.72865	0.19642
3.73411	0.19836
3.73957	0.20041
3.74503	0.20256
3.75048	0.20483
3.75594	0.2072
3.7614	0.20971
3.76685	0.21238
3.77231	0.21513
3.77777	0.21797
3.78323	0.2209
3.78868	0.22389
3.79414	0.22692
3.7996	0.22998
3.80505	0.23306
3.81051	0.23614
3.81597	0.2392
3.82143	0.24223
3.82688	0.24522
3.83234	0.24813
3.8378	0.25096
3.84325	0.25374
3.84871	0.25644
3.85417	0.25901
3.85963	0.26141
3.86508	0.26363
3.87054	0.26566
3.876	0.26758
3.88145	0.26937
3.88691	0.27092
3.89237	0.27222
3.89783	0.27324
3.90328	0.27398
3.90874	0.27444
3.9142	0.2746
3.91965	0.27447
3.92511	0.27405
3.93057	0.27334
3.93603	0.27235
3.94148	0.2712
3.94694	0.26989
3.9524	0.26839
3.95785	0.2667
3.96331	0.26479
3.96877	0.26269
3.97423	0.2604
3.97968	0.25796
3.98514	0.25538
3.9906	0.25275
3.99605	0.25009
4.00151	0.24736
4.00697	0.24461
4.01243	0.24185
4.01788	0.23911
4.02334	0.23641
4.0288	0.23378
4.03425	0.23124
4.03971	0.22882
4.04517	0.22653
4.05063	0.22444
4.05608	0.22257
4.06154	0.22088
4.067	0.21939
4.07245	0.21812
4.07791	0.21704
4.08337	0.21617
4.08883	0.21549
4.09428	0.21501
4.09974	0.21473
4.1052	0.21463
4.11065	0.21471
4.11611	0.21495
4.12157	0.21534
4.12703	0.21587
4.13248	0.21653
4.13794	0.21729
4.1434	0.21815
4.14885	0.21908
4.15431	0.22014
4.15977	0.2213
4.16523	0.22249
4.17068	0.2237
4.17614	0.22493
4.1816	0.22615
4.18705	0.22737
4.19251	0.22863
4.19797	0.22993
4.20343	0.23122
4.20888	0.23259
4.21434	0.23405
4.2198	0.23549
4.22525	0.23693
4.23071	0.23836
4.23617	0.2398
4.24163	0.24126
4.24708	0.24274
4.25254	0.24425
4.258	0.24582
4.26345	0.24746
4.26891	0.24917
4.27437	0.25098
4.27983	0.2529
4.28528	0.25499
4.29074	0.25727
4.2962	0.25968
4.30165	0.26224
4.30711	0.26496
4.31257	0.26783
4.31803	0.27086
4.32348	0.27405
4.32894	0.27744
4.3344	0.28105
4.33985	0.28482
4.34531	0.28872
4.35077	0.29272
4.35623	0.29682
4.36168	0.30099
4.36714	0.30521
4.3726	0.30946
4.37805	0.31372
4.38351	0.31796
4.38897	0.32214
4.39443	0.32626
4.39988	0.33033
4.40534	0.33432
4.4108	0.33817
4.41625	0.34182
4.42171	0.34533
4.42717	0.34866
4.43263	0.35177
4.43808	0.35464
4.44354	0.35722
4.449	0.35954
4.45445	0.36158
4.45991	0.36329
4.46537	0.36464
4.47083	0.36569
4.47628	0.36649
4.48174	0.36698
4.4872	0.36711
4.49265	0.36687
4.49811	0.36634
4.50357	0.36555
4.50903	0.36445
4.51448	0.36304
4.51994	0.36131
4.5254	0.35928
4.53085	0.35699
4.53631	0.35446
4.54177	0.35168
4.54723	0.34868
4.55268	0.34548
4.55814	0.3421
4.5636	0.33855
4.56905	0.33487
4.57451	0.33117
4.57997	0.32748
4.58543	0.3237
4.59088	0.3199
4.59634	0.3161
4.6018	0.31226
4.60725	0.30838
4.61271	0.30448
4.61817	0.30057
4.62363	0.29665
4.62908	0.29273
4.63454	0.28881
4.64	0.28495
4.64545	0.28116
4.65091	0.27738
4.65637	0.27361
4.66183	0.26986
4.66728	0.26613
4.67274	0.26241
4.6782	0.25871
4.68365	0.25502
4.68911	0.25137
4.69457	0.24777
4.70003	0.24424
4.70548	0.24075
4.71094	0.2373
4.7164	0.2339
4.72185	0.23057
4.72731	0.22737
4.73277	0.22436
4.73823	0.2215
4.74368	0.21877
4.74914	0.21622
4.7546	0.21387
4.76005	0.2117
4.76551	0.20971
4.77097	0.20794
4.77643	0.20639
4.78188	0.2051
4.78734	0.20407
4.7928	0.20335
4.79825	0.20294
4.80371	0.20286
4.80917	0.20314
4.81463	0.20379
4.82008	0.20484
4.82554	0.20628
4.831	0.20815
4.83645	0.21044
4.84191	0.21316
4.84737	0.21633
4.85282	0.21993
4.85828	0.22397
4.86374	0.22845
4.8692	0.23335
4.87465	0.23867
4.88011	0.24439
4.88557	0.25055
4.89102	0.25713
4.89648	0.26405
4.90194	0.27128
4.9074	0.2788
4.91285	0.28663
4.91831	0.29473
4.92377	0.30302
4.92922	0.31146
4.93468	0.32001
4.94014	0.32864
4.9456	0.33729
4.95105	0.34595
4.95651	0.35456
4.96197	0.36308
4.96742	0.37149
4.97288	0.37975
4.97834	0.38788
4.9838	0.39583
4.98925	0.40354
4.99471	0.41096
5.00017	0.41824
5.00562	0.42535
5.01108	0.43211
5.01654	0.43849
5.022	0.44447
5.02745	0.45004
5.03291	0.45519
5.03837	0.45997
5.04382	0.46447
5.04928	0.46864
5.05474	0.47236
5.0602	0.47563
5.06565	0.47847
5.07111	0.48086
5.07657	0.48282
5.08202	0.48436
5.08748	0.48548
5.09294	0.48631
5.0984	0.48685
5.10385	0.48702
5.10931	0.48682
5.11477	0.48631
5.12022	0.4855
5.12568	0.48442
5.13114	0.48308
5.1366	0.48144
5.14205	0.47952
5.14751	0.47744
5.15297	0.47519
5.15842	0.4727
5.16388	0.46996
5.16934	0.46699
5.1748	0.46379
5.18025	0.46038
5.18571	0.45675
5.19117	0.45297
5.19662	0.44904
5.20208	0.44493
5.20754	0.44062
5.213	0.43619
5.21845	0.4317
5.22391	0.42708
5.22937	0.42231
5.23482	0.41737
5.24028	0.41228
5.24574	0.40705
5.2512	0.40178
5.25665	0.3965
5.26211	0.39109
5.26757	0.38557
5.27302	0.37995
5.27848	0.37424
5.28394	0.36845
5.2894	0.36259
5.29485	0.35669
5.30031	0.35084
5.30577	0.34507
5.31122	0.3393
5.31668	0.3336
5.32214	0.32798
5.3276	0.32243
5.33305	0.31698
5.33851	0.3116
5.34397	0.30634
5.34942	0.3012
5.35488	0.2962
5.36034	0.29137
5.3658	0.28671
5.37125	0.28225
5.37671	0.27801
5.38217	0.274
5.38762	0.27029
5.39308	0.2669
5.39854	0.26378
5.404	0.26096
5.40945	0.25843
5.41491	0.25627
5.42037	0.25449
5.42582	0.25303
5.43128	0.25191
5.43674	0.25111
5.4422	0.25066
5.44765	0.25055
5.45311	0.25078
5.45857	0.25134
5.46402	0.25224
5.46948	0.25346
5.47494	0.255
5.4804	0.2569
5.48585	0.25916
5.49131	0.2617
5.49677	0.2645
5.50222	0.26756
5.50768	0.27085
5.51314	0.27434
5.5186	0.27807
5.52405	0.28202
5.52951	0.2861
5.53497	0.29028
5.54042	0.29454
5.54588	0.29884
5.55134	0.30315
5.5568	0.30744
5.56225	0.31172
5.56771	0.31598
5.57317	0.32011
5.57862	0.32408
5.58408	0.32787
5.58954	0.33149
5.595	0.33492
5.60045	0.33806
5.60591	0.3409
5.61137	0.34341
5.61682	0.34557
5.62228	0.34735
5.62774	0.34875
5.6332	0.34979
5.63865	0.35049
5.64411	0.35076
5.64957	0.35074
5.65502	0.35049
5.66048	0.34987
5.66594	0.34884
5.6714	0.34741
5.67685	0.3456
5.68231	0.34342
5.68777	0.34089
5.69322	0.3381
5.69868	0.33506
5.70414	0.33176
5.7096	0.32825
5.71505	0.32464
5.72051	0.3209
5.72597	0.31704
5.73142	0.31307
5.73688	0.30905
5.74234	0.305
5.7478	0.30095
5.75325	0.29696
5.75871	0.29304
5.76417	0.28924
5.76962	0.28559
5.77508	0.28211
5.78054	0.27884
5.786	0.27579
5.79145	0.273
5.79691	0.27048
5.80237	0.26824
5.80782	0.26642
5.81328	0.26501
5.81874	0.26391
5.8242	0.26313
5.82965	0.26267
5.83511	0.26251
5.84057	0.26266
5.84602	0.26312
5.85148	0.26385
5.85694	0.26483
5.8624	0.26604
5.86785	0.26746
5.87331	0.26906
5.87877	0.27081
5.88422	0.2727
5.88968	0.27468
5.89514	0.27672
5.9006	0.27881
5.90605	0.2809
5.91151	0.28302
5.91697	0.28514
5.92242	0.28718
5.92788	0.28911
5.93334	0.2909
5.9388	0.29254
5.94425	0.29399
5.94971	0.29525
5.95517	0.29629
5.96062	0.29725
5.96608	0.29814
5.97154	0.29878
5.977	0.29915
5.98245	0.29929
5.98791	0.29921
5.99337	0.2989
5.99882	0.29839
6.00428	0.29761
6.00974	0.29658
6.0152	0.29529
6.02065	0.29378
6.02611	0.29203
6.03157	0.29013
6.03702	0.28808
6.04248	0.28585
6.04794	0.28344
6.0534	0.28088
6.05885	0.27818
6.06431	0.27536
6.06977	0.27242
6.07522	0.26939
6.08068	0.26627
6.08614	0.26309
6.0916	0.25991
6.09705	0.25675
6.10251	0.25356
6.10797	0.25035
6.11342	0.24713
6.11888	0.24393
6.12434	0.24074
6.1298	0.23758
6.13525	0.23445
6.14071	0.23138
6.14617	0.22841
6.15162	0.22562
6.15708	0.22296
6.16254	0.22044
6.168	0.21805
6.17345	0.21576
6.17891	0.21357
6.18437	0.21148
6.18982	0.20949
6.19528	0.20762
6.20074	0.20586
6.2062	0.20421
6.21165	0.20268
6.21711	0.20126
6.22257	0.19995
6.22802	0.19876
6.23348	0.19767
6.23894	0.19668
6.2444	0.19579
6.24985	0.19499
6.25531	0.19428
6.26077	0.19364
6.26622	0.19306
6.27168	0.19254
6.27714	0.19207
6.2826	0.19164
6.28805	0.19124
6.29351	0.19085
6.29897	0.19047
6.30442	0.19014
6.30988	0.18985
6.31534	0.18955
6.3208	0.18932
6.32625	0.18917
6.33171	0.18898
6.33717	0.18874
6.34262	0.18844
6.34808	0.18809
6.35354	0.18768
6.359	0.18721
6.36445	0.18667
6.36991	0.18607
6.37537	0.18541
6.38082	0.1847
6.38628	0.18393
6.39174	0.18311
6.3972	0.1823
6.40265	0.1815
6.40811	0.18066
6.41357	0.17979
6.41902	0.17887
6.42448	0.17793
6.42994	0.17696
6.4354	0.17597
6.44085	0.17495
6.44631	0.17391
6.45177	0.17287
6.45722	0.17181
6.46268	0.17071
6.46814	0.16958
6.4736	0.16842
6.47905	0.16727
6.48451	0.16613
6.48997	0.16495
6.49542	0.16371
6.50088	0.16242
6.50634	0.16106
6.5118	0.15964
6.51725	0.15815
6.52271	0.15658
6.52817	0.15494
6.53362	0.15322
6.53908	0.15142
6.54454	0.14954
6.55	0.14764
6.55545	0.14577
6.56091	0.14387
6.56637	0.1419
6.57182	0.13986
6.57728	0.13775
6.58274	0.13557
6.5882	0.13334
6.59365	0.13105
6.59911	0.12871
6.60457	0.12633
6.61002	0.12392
6.61548	0.12148
6.62094	0.11903
6.6264	0.11657
6.63185	0.11412
6.63731	0.11167
6.64277	0.10925
6.64822	0.10685
6.65368	0.10449
6.65914	0.10217
6.6646	0.09996
6.67005	0.09786
6.67551	0.09582
6.68097	0.09386
6.68642	0.09197
6.69188	0.09016
6.69734	0.08842
6.7028	0.08678
6.70825	0.08521
6.71371	0.08374
6.71917	0.08235
6.72462	0.08105
6.73008	0.07983
6.73554	0.0787
6.741	0.07765
6.74645	0.07668
6.75191	0.07579
6.75737	0.07496
6.76282	0.07421
6.76828	0.07353
6.77374	0.07294
6.7792	0.07239
6.78465	0.07189
6.79011	0.07143
6.79557	0.071
6.80102	0.0706
6.80648	0.07022
6.81194	0.06984
6.8174	0.06947
6.82285	0.06914
6.82831	0.06883
6.83377	0.0685
6.83922	0.06814
6.84468	0.06776
6.85014	0.06734
6.8556	0.06687
6.86105	0.06635
6.86651	0.06577
6.87197	0.06514
6.87742	0.06444
6.88288	0.06367
6.88834	0.06284
6.8938	0.06193
6.89925	0.06095
6.90471	0.0599
6.91017	0.05877
6.91562	0.05757
6.92108	0.05631
6.92654	0.05503
6.932	0.05374
6.93745	0.05239
6.94291	0.05099
6.94837	0.04953
6.95382	0.04803
6.95928	0.04649
6.96474	0.04492
6.9702	0.04332
6.97565	0.04169
6.98111	0.04006
6.98657	0.03841
6.99202	0.03677
6.99748	0.03514
7.00294	0.03352
7.0084	0.03193
7.01385	0.03037
7.01931	0.02884
7.02477	0.02736
7.03022	0.02593
7.03568	0.02456
7.04114	0.02324
7.0466	0.02199
7.05205	0.0208
7.05751	0.01969
7.06297	0.01865
7.06842	0.01769
7.07388	0.01681
7.07934	0.016
7.0848	0.01527
7.09025	0.01462
7.09571	0.01404
7.10117	0.01353
7.10662	0.0131
7.11208	0.01273
7.11754	0.01243
7.123	0.01218
7.12845	0.01199
7.13391	0.01186
7.13937	0.01176
7.14482	0.01171
7.15028	0.0117
7.15574	0.01172
7.1612	0.01176
7.16665	0.01182
7.17211	0.01189
7.17757	0.01198
7.18302	0.01207
7.18848	0.01216
7.19394	0.01224
7.1994	0.01232
7.20485	0.01238
7.21031	0.01243
7.21577	0.01245
7.22122	0.01246
7.22668	0.01244
7.23214	0.0124
7.2376	0.01234
7.24305	0.01228
7.24851	0.01218
7.25397	0.01206
7.25942	0.01191
7.26488	0.01173
7.27034	0.01152
7.2758	0.01128
7.28125	0.01102
7.28671	0.01074
7.29217	0.01043
7.29762	0.0101
7.30308	0.00976
7.30854	0.00939
7.314	0.00902
7.31945	0.00864
7.32491	0.00824
7.33037	0.00785
7.33582	0.00745
7.34128	0.00705
7.34674	0.00665
7.3522	0.00625
7.35765	0.00587
7.36311	0.00548
7.36857	0.00511
7.37402	0.00475
7.37948	0.00441
7.38494	0.00407
7.3904	0.00375
7.39585	0.00344
7.40131	0.00316
7.40677	0.00288
7.41222	0.00262
7.41768	0.00238
7.42314	0.00216
7.4286	0.00194
7.43405	0.00175
7.43951	0.00157
7.44497	0.0014
7.45042	0.00125
7.45588	0.00111
7.46134	9.86181E-4
7.4668	8.71531E-4
7.47225	7.6792E-4
7.47771	6.74614E-4
7.48317	5.90883E-4
7.48862	5.16005E-4
7.49408	4.49276E-4
7.49954	3.90014E-4
7.505	3.37561E-4
7.51045	2.91294E-4
7.51591	2.50621E-4
7.52137	2.14986E-4
7.52682	1.8387E-4
7.53228	1.56789E-4
7.53774	1.333E-4
7.5432	1.12992E-4
7.54865	9.54935E-5
7.55411	8.04649E-5
7.55957	6.75999E-5
7.56502	5.66229E-5
7.57048	4.72873E-5
7.57594	3.93735E-5
7.5814	3.26866E-5
7.58685	2.70547E-5
7.59231	2.23265E-5
7.59777	1.83699E-5
7.60322	1.50695E-5
7.60868	1.23253E-5
7.61414	1.00509E-5
7.6196	8.17179E-6
7.62505	6.62424E-6
7.63051	5.3538E-6
7.63597	4.31414E-6
7.64142	3.46604E-6
7.64688	2.77638E-6
7.65234	2.21734E-6
7.6578	1.76559E-6
7.66325	1.40171E-6
7.66871	1.1095E-6
7.67417	8.75605E-7
7.67962	6.8896E-7
7.68508	5.40488E-7
7.69054	4.22751E-7
7.696	0
7.70145	0
7.70691	0
7.71237	0
7.71782	0
7.72328	0
7.72874	0
7.7342	0
7.73965	0
7.74511	0
7.75057	0
7.75602	0
7.76148	0
7.76694	0
7.7724	0
7.77785	0
7.78331	0
7.78877	0
7.79422	0
7.79968	0
7.80514	0
7.8106	0
7.81605	0
7.82151	0
7.82697	0
7.83242	0
7.83788	0
7.84334	0
7.8488	0
7.85425	0
7.85971	0
7.86517	0
7.87062	0
7.87608	0
7.88154	0
7.887	0
7.89245	0
7.89791	0
7.90337	0
7.90882	0
7.91428	0
7.91974	0
7.9252	0
7.93065	0
7.93611	0
7.94157	0
7.94702	0
7.95248	0
7.95794	0
7.9634	0
7.96885	0
7.97431	0
7.97977	0
7.98522	0
7.99068	0
7.99614	0
8.0016	0
8.00705	0
8.01251	0
8.01797	0
8.02342	0
8.02888	0
8.03434	0
8.03979	0
8.04525	0
8.05071	0
8.05617	0
8.06162	0
8.06708	0
8.07254	0
8.07799	0
8.08345	0
8.08891	0
8.09437	0
8.09982	0
8.10528	0
8.11074	0
8.11619	0
8.12165	0
8.12711	0
8.13257	0
8.13802	0
8.14348	0
8.14894	0
8.15439	0
8.15985	0
8.16531	0
8.17077	0
8.17622	0
8.18168	0
8.18714	0
8.19259	0
8.19805	0
8.20351	0
8.20897	0
8.21442	0
8.21988	0
8.22534	0
8.23079	0
8.23625	0
8.24171	0
8.24717	0
8.25262	0
8.25808	0
8.26354	0
8.26899	0
8.27445	0
8.27991	0
8.28537	0
8.29082	0
8.29628	0
8.30174	0
8.30719	0
8.31265	0
8.31811	0
8.32357	0
8.32902	0
8.33448	0
8.33994	0
8.34539	0
8.35085	0
8.35631	0
8.36177	0
8.36722	0
8.37268	0
8.37814	0
8.38359	0
8.38905	0
8.39451	0
8.39997	0
8.40542	0
8.41088	0
8.41634	0
8.42179	0
8.42725	0
8.43271	0
8.43817	0
8.44362	0
8.44908	0
8.45454	0
8.45999	0
8.46545	0
8.47091	0
8.47637	0
8.48182	0
8.48728	0
8.49274	0
8.49819	0
8.50365	0
8.50911	0
8.51457	0
8.52002	0
8.52548	0
8.53094	0
8.53639	0
8.54185	0
8.54731	0
8.55277	0
8.55822	0
8.56368	0
8.56914	0
8.57459	0
8.58005	0
8.58551	0
8.59097	0
8.59642	0
8.60188	0
8.60734	0
8.61279	0
8.61825	0
8.62371	0
8.62917	0
8.63462	0
8.64008	0
8.64554	0
8.65099	0
8.65645	0
8.66191	0
8.66737	0
8.67282	0
8.67828	0
8.68374	0
8.68919	0
8.69465	0
8.70011	0
8.70557	0
8.71102	0
8.71648	0
8.72194	0
8.72739	0
8.73285	0
8.73831	0
8.74377	0
8.74922	0
8.75468	0
8.76014	0
8.76559	0
8.77105	0
8.77651	0
8.78197	0
8.78742	0
8.79288	0
8.79834	0
8.80379	0
8.80925	0
8.81471	0
8.82017	0
8.82562	0
8.83108	0
8.83654	0
8.84199	0
8.84745	0
8.85291	0
8.85837	0
8.86382	0
8.86928	0
8.87474	0
8.88019	0
8.88565	0
8.89111	0
8.89657	0
8.90202	0
8.90748	0
8.91294	0
8.91839	0
8.92385	0
8.92931	0
8.93477	0
8.94022	0
8.94568	0
8.95114	0
8.95659	0
8.96205	0
8.96751	0
8.97297	0
8.97842	0
8.98388	0
8.98934	0
8.99479	0
9.00025	0
9.00571	0
9.01117	0
9.01662	0
9.02208	0
9.02754	0
9.03299	0
9.03845	0
9.04391	0
9.04937	0
9.05482	0
9.06028	0
9.06574	0
9.07119	0
9.07665	0
9.08211	0
9.08757	0
9.09302	0
9.09848	0
9.10394	0
9.10939	0
9.11485	0
9.12031	0
9.12577	0
9.13122	0
9.13668	0
9.14214	0
9.14759	0
9.15305	0
9.15851	0
9.16397	0
9.16942	0
9.17488	0
9.18034	0
9.18579	0
9.19125	0
9.19671	0
9.20217	0
9.20762	0
9.21308	0
9.21854	0
9.22399	0
9.22945	0
9.23491	0
9.24037	0
9.24582	0
9.25128	0
9.25674	0
9.26219	0
9.26765	0
9.27311	0
9.27857	0
9.28402	0
9.28948	0
9.29494	0
9.30039	0
9.30585	0
9.31131	0
9.31677	0
9.32222	0
9.32768	0
9.33314	0
9.33859	0
9.34405	0
9.34951	0
9.35497	0
9.36042	0
9.36588	0
9.37134	0
9.37679	0
9.38225	0
9.38771	0
9.39317	0
9.39862	0
9.40408	0
9.40954	0
9.41499	0
9.42045	0
9.42591	0
9.43137	0
9.43682	0
9.44228	0
9.44774	0
9.45319	0
9.45865	0
9.46411	0
9.46957	0
9.47502	0
9.48048	0
9.48594	0
9.49139	0
9.49685	0
9.50231	0
9.50777	0
9.51322	0
9.51868	0
9.52414	0
9.52959	0
9.53505	0
9.54051	0
9.54597	0
9.55142	0
9.55688	0
9.56234	0
9.56779	0
9.57325	0
9.57871	0
9.58417	0
9.58962	0
9.59508	0
9.60054	0
9.60599	0
9.61145	0
9.61691	0
9.62237	0
9.62782	0
9.63328	0
9.63874	0
9.64419	0
9.64965	0
9.65511	0
