-1.34454	0
-1.33946	0
-1.33438	0
-1.32929	0
-1.32421	0
-1.31913	0
-1.31405	0
-1.30897	0
-1.30389	0
-1.29881	0
-1.29373	0
-1.28864	0
-1.28356	0
-1.27848	0
-1.2734	0
-1.26832	0
-1.26324	0
-1.25816	0
-1.25308	0
-1.24799	0
-1.24291	0
-1.23783	0
-1.23275	0
-1.22767	0
-1.22259	0
-1.21751	0
-1.21243	0
-1.20734	0
-1.20226	0
-1.19718	0
-1.1921	0
-1.18702	0
-1.18194	0
-1.17686	0
-1.17178	0
-1.1667	0
-1.16161	0
-1.15653	0
-1.15145	0
-1.14637	0
-1.14129	0
-1.13621	0
-1.13113	0
-1.12605	0
-1.12096	0
-1.11588	0
-1.1108	0
-1.10572	0
-1.10064	0
-1.09556	0
-1.09048	0
-1.0854	0
-1.08031	0
-1.07523	0
-1.07015	0
-1.06507	0
-1.05999	0
-1.05491	0
-1.04983	0
-1.04475	0
-1.03967	0
-1.03458	0
-1.0295	0
-1.02442	0
-1.01934	0
-1.01426	0
-1.00918	0
-1.0041	0
-0.99902	0
-0.99393	0
-0.98885	0
-0.98377	0
-0.97869	0
-0.97361	0
-0.96853	0
-0.96345	0
-0.95837	0
-0.95328	0
-0.9482	0
-0.94312	0
-0.93804	0
-0.93296	0
-0.92788	0
-0.9228	0
-0.91772	0
-0.91264	0
-0.90755	0
-0.90247	0
-0.89739	0
-0.89231	0
-0.88723	0
-0.88215	0
-0.87707	0
-0.87199	0
-0.8669	0
-0.86182	0
-0.85674	0
-0.85166	0
-0.84658	0
-0.8415	0
-0.83642	0
-0.83134	0
-0.82625	0
-0.82117	0
-0.81609	0
-0.81101	0
-0.80593	0
-0.80085	0
-0.79577	0
-0.79069	0
-0.7856	0
-0.78052	0
-0.77544	0
-0.77036	0
-0.76528	0
-0.7602	0
-0.75512	0
-0.75004	0
-0.74496	0
-0.73987	0
-0.73479	0
-0.72971	0
-0.72463	0
-0.71955	0
-0.71447	0
-0.70939	0
-0.70431	0
-0.69922	0
-0.69414	0
-0.68906	0
-0.68398	0
-0.6789	0
-0.67382	0
-0.66874	0
-0.66366	0
-0.65857	0
-0.65349	0
-0.64841	0
-0.64333	0
-0.63825	0
-0.63317	0
-0.62809	0
-0.62301	0
-0.61793	0
-0.61284	0
-0.60776	0
-0.60268	0
-0.5976	0
-0.59252	0
-0.58744	0
-0.58236	0
-0.57728	0
-0.57219	0
-0.56711	0
-0.56203	0
-0.55695	0
-0.55187	0
-0.54679	0
-0.54171	0
-0.53663	0
-0.53154	0
-0.52646	0
-0.52138	0
-0.5163	0
-0.51122	0
-0.50614	0
-0.50106	0
-0.49598	0
-0.49089	0
-0.48581	0
-0.48073	0
-0.47565	0
-0.47057	0
-0.46549	0
-0.46041	0
-0.45533	0
-0.45025	0
-0.44516	0
-0.44008	0
-0.435	0
-0.42992	0
-0.42484	0
-0.41976	0
-0.41468	0
-0.4096	0
-0.40451	0
-0.39943	0
-0.39435	0
-0.38927	0
-0.38419	0
-0.37911	0
-0.37403	0
-0.36895	0
-0.36386	0
-0.35878	0
-0.3537	0
-0.34862	0
-0.34354	0
-0.33846	0
-0.33338	0
-0.3283	0
-0.32322	0
-0.31813	0
-0.31305	0
-0.30797	0
-0.30289	0
-0.29781	0
-0.29273	0
-0.28765	0
-0.28257	0
-0.27748	0
-0.2724	0
-0.26732	0
-0.26224	0
-0.25716	0
-0.25208	0
-0.247	0
-0.24192	0
-0.23683	0
-0.23175	0
-0.22667	0
-0.22159	0
-0.21651	0
-0.21143	0
-0.20635	0
-0.20127	0
-0.19619	0
-0.1911	0
-0.18602	0
-0.18094	0
-0.17586	0
-0.17078	0
-0.1657	0
-0.16062	0
-0.15554	0
-0.15045	0
-0.14537	0
-0.14029	0
-0.13521	0
-0.13013	0
-0.12505	0
-0.11997	0
-0.11489	0
-0.1098	0
-0.10472	0
-0.09964	0
-0.09456	0
-0.08948	0
-0.0844	0
-0.07932	0
-0.07424	0
-0.06915	0
-0.06407	0
-0.05899	0
-0.05391	0
-0.04883	0
-0.04375	0
-0.03867	0
-0.03359	0
-0.02851	0
-0.02342	0
-0.01834	0
-0.01326	0
-0.00818	0
-0.0031	0
0.00198	0
0.00706	0
0.01214	0
0.01723	0
0.02231	0
0.02739	0
0.03247	0
0.03755	0
0.04263	0
0.04771	0
0.05279	0
0.05788	0
0.06296	0
0.06804	0
0.07312	0
0.0782	0
0.08328	0
0.08836	0
0.09344	0
0.09852	0
0.10361	0
0.10869	0
0.11377	0
0.11885	0
0.12393	0
0.12901	0
0.13409	0
0.13917	0
0.14426	0
0.14934	0
0.15442	0
0.1595	0
0.16458	0
0.16966	0
0.17474	0
0.17982	0
0.18491	0
0.18999	0
0.19507	0
0.20015	0
0.20523	0
0.21031	0
0.21539	0
0.22047	0
0.22555	0
0.23064	0
0.23572	0
0.2408	0
0.24588	0
0.25096	0
0.25604	0
0.26112	0
0.2662	0
0.27129	0
0.27637	0
0.28145	0
0.28653	0
0.29161	0
0.29669	0
0.30177	0
0.30685	0
0.31194	0
0.31702	0
0.3221	0
0.32718	0
0.33226	0
0.33734	0
0.34242	0
0.3475	0
0.35259	0
0.35767	0
0.36275	0
0.36783	0
0.37291	0
0.37799	0
0.38307	0
0.38815	0
0.39323	0
0.39832	0
0.4034	0
0.40848	0
0.41356	0
0.41864	0
0.42372	0
0.4288	0
0.43388	0
0.43897	0
0.44405	0
0.44913	0
0.45421	0
0.45929	0
0.46437	0
0.46945	0
0.47453	0
0.47962	0
0.4847	0
0.48978	0
0.49486	0
0.49994	0
0.50502	0
0.5101	0
0.51518	0
0.52026	0
0.52535	0
0.53043	0
0.53551	0
0.54059	0
0.54567	0
0.55075	0
0.55583	0
0.56091	0
0.566	0
0.57108	0
0.57616	0
0.58124	0
0.58632	0
0.5914	0
0.59648	0
0.60156	0
0.60665	0
0.61173	6.94157E-7
0.61681	8.74608E-7
0.62189	1.09913E-6
0.62697	1.37772E-6
0.63205	1.72247E-6
0.63713	2.14794E-6
0.64221	2.6716E-6
0.6473	3.31435E-6
0.65238	4.10115E-6
0.65746	5.06163E-6
0.66254	6.23095E-6
0.66762	7.65062E-6
0.6727	9.36953E-6
0.67778	1.14451E-5
0.68286	1.39443E-5
0.68794	1.69455E-5
0.69303	2.05395E-5
0.69811	2.48316E-5
0.70319	2.99432E-5
0.70827	3.60139E-5
0.71335	4.32038E-5
0.71843	5.16953E-5
0.72351	6.16963E-5
0.72859	7.34423E-5
0.73368	8.71992E-5
0.73876	1.03266E-4
0.74384	1.21978E-4
0.74892	1.43708E-4
0.754	1.68874E-4
0.75908	1.97935E-4
0.76416	2.31398E-4
0.76924	2.69821E-4
0.77433	3.13814E-4
0.77941	3.64037E-4
0.78449	4.2121E-4
0.78957	4.86106E-4
0.79465	5.59553E-4
0.79973	6.42436E-4
0.80481	7.35695E-4
0.80989	8.40319E-4
0.81497	9.57346E-4
0.82006	0.00109
0.82514	0.00123
0.83022	0.00139
0.8353	0.00157
0.84038	0.00177
0.84546	0.00198
0.85054	0.00222
0.85562	0.00248
0.86071	0.00276
0.86579	0.00306
0.87087	0.00339
0.87595	0.00374
0.88103	0.00412
0.88611	0.00453
0.89119	0.00496
0.89627	0.00543
0.90136	0.00592
0.90644	0.00644
0.91152	0.00698
0.9166	0.00755
0.92168	0.00815
0.92676	0.00877
0.93184	0.00942
0.93692	0.01009
0.942	0.01077
0.94709	0.01147
0.95217	0.01219
0.95725	0.01292
0.96233	0.01366
0.96741	0.0144
0.97249	0.01515
0.97757	0.01589
0.98265	0.01662
0.98774	0.01734
0.99282	0.01805
0.9979	0.01874
1.00298	0.01941
1.00806	0.02004
1.01314	0.02065
1.01822	0.02121
1.0233	0.02174
1.02839	0.02222
1.03347	0.02266
1.03855	0.02304
1.04363	0.02337
1.04871	0.02364
1.05379	0.02386
1.05887	0.02401
1.06395	0.02411
1.06904	0.02414
1.07412	0.02414
1.0792	0.02411
1.08428	0.02401
1.08936	0.02386
1.09444	0.02365
1.09952	0.02337
1.1046	0.02305
1.10968	0.02266
1.11477	0.02223
1.11985	0.02175
1.12493	0.02122
1.13001	0.02066
1.13509	0.02006
1.14017	0.01942
1.14525	0.01876
1.15033	0.01808
1.15542	0.01738
1.1605	0.01666
1.16558	0.01593
1.17066	0.0152
1.17574	0.01446
1.18082	0.01373
1.1859	0.01301
1.19098	0.01229
1.19607	0.01159
1.20115	0.01091
1.20623	0.01024
1.21131	0.0096
1.21639	0.00898
1.22147	0.00839
1.22655	0.00783
1.23163	0.0073
1.23671	0.0068
1.2418	0.00634
1.24688	0.00591
1.25196	0.00551
1.25704	0.00515
1.26212	0.00482
1.2672	0.00453
1.27228	0.00427
1.27736	0.00405
1.28245	0.00386
1.28753	0.00371
1.29261	0.0036
1.29769	0.00351
1.30277	0.00346
1.30785	0.00344
1.31293	0.00346
1.31801	0.0035
1.3231	0.00357
1.32818	0.00367
1.33326	0.0038
1.33834	0.00395
1.34342	0.00413
1.3485	0.00434
1.35358	0.00456
1.35866	0.00481
1.36375	0.00507
1.36883	0.00536
1.37391	0.00566
1.37899	0.00597
1.38407	0.00629
1.38915	0.00663
1.39423	0.00697
1.39931	0.00732
1.40439	0.00768
1.40948	0.00803
1.41456	0.00838
1.41964	0.00873
1.42472	0.00908
1.4298	0.00941
1.43488	0.00974
1.43996	0.01005
1.44504	0.01035
1.45013	0.01063
1.45521	0.01089
1.46029	0.01113
1.46537	0.01134
1.47045	0.01153
1.47553	0.01169
1.48061	0.01183
1.48569	0.01193
1.49078	0.01201
1.49586	0.01206
1.50094	0.01207
1.50602	0.01207
1.5111	0.01206
1.51618	0.01201
1.52126	0.01194
1.52634	0.01183
1.53142	0.01169
1.53651	0.01153
1.54159	0.01134
1.54667	0.01113
1.55175	0.01089
1.55683	0.01063
1.56191	0.01035
1.56699	0.01006
1.57207	0.00975
1.57716	0.00942
1.58224	0.00909
1.58732	0.00875
1.5924	0.0084
1.59748	0.00805
1.60256	0.0077
1.60764	0.00736
1.61272	0.00702
1.61781	0.00668
1.62289	0.00636
1.62797	0.00605
1.63305	0.00576
1.63813	0.00548
1.64321	0.00522
1.64829	0.00499
1.65337	0.00478
1.65845	0.00459
1.66354	0.00444
1.66862	0.00432
1.6737	0.00423
1.67878	0.00418
1.68386	0.00418
1.68894	0.00421
1.69402	0.00429
1.6991	0.00441
1.70419	0.00459
1.70927	0.00482
1.71435	0.0051
1.71943	0.00544
1.72451	0.00585
1.72959	0.00632
1.73467	0.00686
1.73975	0.00747
1.74484	0.00816
1.74992	0.00892
1.755	0.00976
1.76008	0.01068
1.76516	0.01169
1.77024	0.01278
1.77532	0.01395
1.7804	0.01522
1.78549	0.01657
1.79057	0.018
1.79565	0.01953
1.80073	0.02114
1.80581	0.02283
1.81089	0.0246
1.81597	0.02645
1.82105	0.02837
1.82613	0.03036
1.83122	0.0324
1.8363	0.0345
1.84138	0.03664
1.84646	0.03882
1.85154	0.04102
1.85662	0.04323
1.8617	0.04545
1.86678	0.04767
1.87187	0.04986
1.87695	0.05202
1.88203	0.05414
1.88711	0.0562
1.89219	0.05818
1.89727	0.06008
1.90235	0.06189
1.90743	0.06358
1.91252	0.06516
1.9176	0.0666
1.92268	0.0679
1.92776	0.06904
1.93284	0.07003
1.93792	0.07084
1.943	0.07148
1.94808	0.07195
1.95316	0.07222
1.95825	0.07236
1.96333	0.07236
1.96841	0.07222
1.97349	0.07195
1.97857	0.07148
1.98365	0.07084
1.98873	0.07003
1.99381	0.06904
1.9989	0.0679
2.00398	0.0666
2.00906	0.06516
2.01414	0.06358
2.01922	0.06189
2.0243	0.06008
2.02938	0.05818
2.03446	0.05619
2.03955	0.05414
2.04463	0.05202
2.04971	0.04986
2.05479	0.04767
2.05987	0.04545
2.06495	0.04323
2.07003	0.04101
2.07511	0.03881
2.0802	0.03664
2.08528	0.0345
2.09036	0.0324
2.09544	0.03036
2.10052	0.02837
2.1056	0.02646
2.11068	0.02461
2.11576	0.02284
2.12084	0.02116
2.12593	0.01956
2.13101	0.01804
2.13609	0.01661
2.14117	0.01528
2.14625	0.01403
2.15133	0.01288
2.15641	0.01181
2.16149	0.01084
2.16658	0.00996
2.17166	0.00916
2.17674	0.00846
2.18182	0.00784
2.1869	0.0073
2.19198	0.00685
2.19706	0.00648
2.20214	0.0062
2.20723	0.00599
2.21231	0.00586
2.21739	0.00581
2.22247	0.00585
2.22755	0.00596
2.23263	0.00614
2.23771	0.00641
2.24279	0.00676
2.24787	0.00719
2.25296	0.0077
2.25804	0.00829
2.26312	0.00896
2.2682	0.00972
2.27328	0.01056
2.27836	0.01149
2.28344	0.01251
2.28852	0.01362
2.29361	0.01481
2.29869	0.0161
2.30377	0.01747
2.30885	0.01894
2.31393	0.0205
2.31901	0.02214
2.32409	0.02388
2.32917	0.0257
2.33426	0.02761
2.33934	0.0296
2.34442	0.03167
2.3495	0.03381
2.35458	0.03603
2.35966	0.03832
2.36474	0.04067
2.36982	0.04308
2.3749	0.04554
2.37999	0.04804
2.38507	0.05059
2.39015	0.05317
2.39523	0.05577
2.40031	0.0584
2.40539	0.06104
2.41047	0.06368
2.41555	0.06632
2.42064	0.06896
2.42572	0.07158
2.4308	0.07418
2.43588	0.07675
2.44096	0.07929
2.44604	0.0818
2.45112	0.08426
2.4562	0.08672
2.46129	0.08918
2.46637	0.09158
2.47145	0.09393
2.47653	0.09621
2.48161	0.09843
2.48669	0.10059
2.49177	0.10267
2.49685	0.10469
2.50194	0.10664
2.50702	0.10851
2.5121	0.11036
2.51718	0.11219
2.52226	0.11395
2.52734	0.11563
2.53242	0.11724
2.5375	0.11878
2.54258	0.12024
2.54767	0.12162
2.55275	0.12293
2.55783	0.12415
2.56291	0.1253
2.56799	0.12637
2.57307	0.12736
2.57815	0.12826
2.58323	0.12907
2.58832	0.1298
2.5934	0.13043
2.59848	0.13097
2.60356	0.13141
2.60864	0.13175
2.61372	0.13199
2.6188	0.13217
2.62388	0.13229
2.62897	0.1323
2.63405	0.13219
2.63913	0.13197
2.64421	0.13168
2.64929	0.13131
2.65437	0.13082
2.65945	0.1302
2.66453	0.12946
2.66961	0.12859
2.6747	0.12759
2.67978	0.12648
2.68486	0.12524
2.68994	0.12389
2.69502	0.12242
2.7001	0.12084
2.70518	0.11916
2.71026	0.11738
2.71535	0.11551
2.72043	0.1136
2.72551	0.11168
2.73059	0.10968
2.73567	0.10764
2.74075	0.10555
2.74583	0.10343
2.75091	0.10128
2.756	0.09913
2.76108	0.09699
2.76616	0.09486
2.77124	0.09276
2.77632	0.09074
2.7814	0.0888
2.78648	0.08694
2.79156	0.08515
2.79665	0.08347
2.80173	0.08188
2.80681	0.08042
2.81189	0.07909
2.81697	0.0779
2.82205	0.07686
2.82713	0.07598
2.83221	0.07527
2.83729	0.07473
2.84238	0.07438
2.84746	0.07422
2.85254	0.07424
2.85762	0.07446
2.8627	0.07488
2.86778	0.07549
2.87286	0.0763
2.87794	0.07731
2.88303	0.0785
2.88811	0.07988
2.89319	0.08145
2.89827	0.08319
2.90335	0.08509
2.90843	0.08716
2.91351	0.08937
2.91859	0.09173
2.92368	0.09421
2.92876	0.09681
2.93384	0.09952
2.93892	0.10232
2.944	0.1052
2.94908	0.10814
2.95416	0.11114
2.95924	0.11418
2.96432	0.11725
2.96941	0.12033
2.97449	0.12341
2.97957	0.12648
2.98465	0.12953
2.98973	0.13263
2.99481	0.13578
2.99989	0.13886
3.00497	0.14188
3.01006	0.1448
3.01514	0.14764
3.02022	0.15036
3.0253	0.15298
3.03038	0.15547
3.03546	0.15783
3.04054	0.16006
3.04562	0.16216
3.05071	0.1641
3.05579	0.16591
3.06087	0.16757
3.06595	0.16908
3.07103	0.17045
3.07611	0.17168
3.08119	0.17277
3.08627	0.17374
3.09135	0.17457
3.09644	0.17529
3.10152	0.17591
3.1066	0.17648
3.11168	0.177
3.11676	0.17755
3.12184	0.17814
3.12692	0.17868
3.132	0.17918
3.13709	0.17967
3.14217	0.18015
3.14725	0.18064
3.15233	0.18115
3.15741	0.18171
3.16249	0.18233
3.16757	0.18301
3.17265	0.18378
3.17774	0.18465
3.18282	0.18563
3.1879	0.18673
3.19298	0.18797
3.19806	0.18935
3.20314	0.19088
3.20822	0.19257
3.2133	0.19441
3.21839	0.19642
3.22347	0.1986
3.22855	0.20098
3.23363	0.20357
3.23871	0.20631
3.24379	0.20919
3.24887	0.21222
3.25395	0.21536
3.25903	0.21862
3.26412	0.22198
3.2692	0.22542
3.27428	0.22893
3.27936	0.23249
3.28444	0.23609
3.28952	0.2397
3.2946	0.24331
3.29968	0.24691
3.30477	0.25047
3.30985	0.25398
3.31493	0.25747
3.32001	0.26092
3.32509	0.26428
3.33017	0.26753
3.33525	0.27075
3.34033	0.27392
3.34542	0.27696
3.3505	0.27984
3.35558	0.28256
3.36066	0.28511
3.36574	0.28749
3.37082	0.28969
3.3759	0.29176
3.38098	0.29373
3.38606	0.29555
3.39115	0.29719
3.39623	0.29865
3.40131	0.29998
3.40639	0.30117
3.41147	0.3022
3.41655	0.30305
3.42163	0.30374
3.42671	0.30427
3.4318	0.30465
3.43688	0.3049
3.44196	0.30499
3.44704	0.30494
3.45212	0.30474
3.4572	0.30442
3.46228	0.30396
3.46736	0.30338
3.47245	0.30268
3.47753	0.30187
3.48261	0.30096
3.48769	0.3
3.49277	0.299
3.49785	0.29791
3.50293	0.29676
3.50801	0.29554
3.51309	0.29427
3.51818	0.29305
3.52326	0.29194
3.52834	0.29086
3.53342	0.28976
3.5385	0.28866
3.54358	0.28756
3.54866	0.28654
3.55374	0.28558
3.55883	0.28467
3.56391	0.28381
3.56899	0.283
3.57407	0.28226
3.57915	0.28159
3.58423	0.281
3.58931	0.2805
3.59439	0.2801
3.59948	0.27979
3.60456	0.27959
3.60964	0.27948
3.61472	0.27947
3.6198	0.27957
3.62488	0.27977
3.62996	0.28009
3.63504	0.28049
3.64013	0.28097
3.64521	0.28153
3.65029	0.2822
3.65537	0.28297
3.66045	0.28378
3.66553	0.28463
3.67061	0.28551
3.67569	0.2864
3.68077	0.28729
3.68586	0.28817
3.69094	0.28904
3.69602	0.28989
3.7011	0.29071
3.70618	0.29149
3.71126	0.29228
3.71634	0.29308
3.72142	0.29397
3.72651	0.29496
3.73159	0.29591
3.73667	0.29681
3.74175	0.29766
3.74683	0.29848
3.75191	0.29926
3.75699	0.30002
3.76207	0.30075
3.76716	0.30146
3.77224	0.30222
3.77732	0.30302
3.7824	0.30384
3.78748	0.30467
3.79256	0.30553
3.79764	0.30641
3.80272	0.30736
3.8078	0.30837
3.81289	0.30943
3.81797	0.31055
3.82305	0.31173
3.82813	0.31298
3.83321	0.31428
3.83829	0.31566
3.84337	0.3171
3.84845	0.3186
3.85354	0.32016
3.85862	0.32178
3.8637	0.32349
3.86878	0.3253
3.87386	0.32715
3.87894	0.32902
3.88402	0.33095
3.8891	0.33293
3.89419	0.33495
3.89927	0.33706
3.90435	0.33921
3.90943	0.34132
3.91451	0.3434
3.91959	0.34543
3.92467	0.3474
3.92975	0.3493
3.93484	0.35113
3.93992	0.35295
3.945	0.35471
3.95008	0.35637
3.95516	0.35792
3.96024	0.35935
3.96532	0.36065
3.9704	0.36183
3.97548	0.36291
3.98057	0.3639
3.98565	0.36475
3.99073	0.3655
3.99581	0.36615
4.00089	0.36664
4.00597	0.36697
4.01105	0.36715
4.01613	0.36718
4.02122	0.36704
4.0263	0.36676
4.03138	0.36631
4.03646	0.36571
4.04154	0.36497
4.04662	0.36409
4.0517	0.36318
4.05678	0.36227
4.06187	0.36126
4.06695	0.36016
4.07203	0.35896
4.07711	0.35764
4.08219	0.35619
4.08727	0.35463
4.09235	0.35296
4.09743	0.3512
4.10251	0.34933
4.1076	0.34739
4.11268	0.34536
4.11776	0.34332
4.12284	0.34126
4.12792	0.33916
4.133	0.33704
4.13808	0.33494
4.14316	0.33281
4.14825	0.33068
4.15333	0.32856
4.15841	0.32646
4.16349	0.32438
4.16857	0.32236
4.17365	0.32038
4.17873	0.31848
4.18381	0.31674
4.1889	0.31518
4.19398	0.31373
4.19906	0.31244
4.20414	0.31134
4.20922	0.31037
4.2143	0.30957
4.21938	0.30893
4.22446	0.30847
4.22954	0.30823
4.23463	0.30824
4.23971	0.30846
4.24479	0.30888
4.24987	0.30952
4.25495	0.31038
4.26003	0.31147
4.26511	0.31278
4.27019	0.31433
4.27528	0.3161
4.28036	0.31812
4.28544	0.32036
4.29052	0.32284
4.2956	0.32554
4.30068	0.32847
4.30576	0.33166
4.31084	0.33516
4.31593	0.3389
4.32101	0.34284
4.32609	0.34697
4.33117	0.35126
4.33625	0.35572
4.34133	0.36032
4.34641	0.36506
4.35149	0.36991
4.35658	0.37488
4.36166	0.37993
4.36674	0.38511
4.37182	0.3904
4.3769	0.39573
4.38198	0.4011
4.38706	0.40653
4.39214	0.41206
4.39722	0.41762
4.40231	0.42315
4.40739	0.42868
4.41247	0.43419
4.41755	0.43963
4.42263	0.44499
4.42771	0.45023
4.43279	0.45536
4.43787	0.46036
4.44296	0.46522
4.44804	0.46997
4.45312	0.47465
4.4582	0.4792
4.46328	0.48357
4.46836	0.48774
4.47344	0.49171
4.47852	0.49547
4.48361	0.49901
4.48869	0.50241
4.49377	0.50568
4.49885	0.50871
4.50393	0.51151
4.50901	0.51405
4.51409	0.51635
4.51917	0.5185
4.52425	0.52049
4.52934	0.52223
4.53442	0.52373
4.5395	0.52502
4.54458	0.52612
4.54966	0.52699
4.55474	0.52762
4.55982	0.52802
4.5649	0.52826
4.56999	0.52838
4.57507	0.52835
4.58015	0.52818
4.58523	0.52789
4.59031	0.52743
4.59539	0.52682
4.60047	0.52608
4.60555	0.52522
4.61064	0.52429
4.61572	0.52331
4.6208	0.52226
4.62588	0.52125
4.63096	0.5203
4.63604	0.51933
4.64112	0.5184
4.6462	0.51753
4.65129	0.51669
4.65637	0.51589
4.66145	0.51514
4.66653	0.5145
4.67161	0.51398
4.67669	0.51354
4.68177	0.51318
4.68685	0.5129
4.69193	0.51272
4.69702	0.51263
4.7021	0.51262
4.70718	0.51274
4.71226	0.51302
4.71734	0.51346
4.72242	0.514
4.7275	0.51456
4.73258	0.51514
4.73767	0.51571
4.74275	0.51625
4.74783	0.51674
4.75291	0.51719
4.75799	0.51758
4.76307	0.51783
4.76815	0.51792
4.77323	0.51786
4.77832	0.51763
4.7834	0.51715
4.78848	0.51639
4.79356	0.51533
4.79864	0.51394
4.80372	0.51221
4.8088	0.51011
4.81388	0.50762
4.81896	0.50474
4.82405	0.50146
4.82913	0.49792
4.83421	0.49416
4.83929	0.49002
4.84437	0.48546
4.84945	0.48064
4.85453	0.47557
4.85961	0.47012
4.8647	0.46431
4.86978	0.45816
4.87486	0.45173
4.87994	0.44507
4.88502	0.43818
4.8901	0.43112
4.89518	0.42386
4.90026	0.41644
4.90535	0.40889
4.91043	0.40125
4.91551	0.39359
4.92059	0.38592
4.92567	0.37828
4.93075	0.37071
4.93583	0.36323
4.94091	0.35589
4.94599	0.3487
4.95108	0.34174
4.95616	0.33504
4.96124	0.32857
4.96632	0.32238
4.9714	0.31647
4.97648	0.31085
4.98156	0.30555
4.98664	0.30057
4.99173	0.29592
4.99681	0.29161
5.00189	0.28762
5.00697	0.28397
5.01205	0.28064
5.01713	0.27764
5.02221	0.27495
5.02729	0.27266
5.03238	0.27075
5.03746	0.26913
5.04254	0.26776
5.04762	0.26664
5.0527	0.26576
5.05778	0.26508
5.06286	0.26461
5.06794	0.26431
5.07303	0.26418
5.07811	0.2642
5.08319	0.26438
5.08827	0.26472
5.09335	0.26518
5.09843	0.26573
5.10351	0.26634
5.10859	0.26702
5.11367	0.26773
5.11876	0.26858
5.12384	0.26954
5.12892	0.2705
5.134	0.27146
5.13908	0.27241
5.14416	0.27333
5.14924	0.27421
5.15432	0.27505
5.15941	0.27583
5.16449	0.27654
5.16957	0.27718
5.17465	0.27774
5.17973	0.27822
5.18481	0.2786
5.18989	0.27888
5.19497	0.27906
5.20006	0.27913
5.20514	0.27913
5.21022	0.27905
5.2153	0.27891
5.22038	0.27868
5.22546	0.27833
5.23054	0.27784
5.23562	0.27723
5.2407	0.27653
5.24579	0.27574
5.25087	0.27483
5.25595	0.27383
5.26103	0.27275
5.26611	0.27154
5.27119	0.27021
5.27627	0.26876
5.28135	0.26719
5.28644	0.26551
5.29152	0.26372
5.2966	0.26188
5.30168	0.25999
5.30676	0.25802
5.31184	0.25596
5.31692	0.25382
5.322	0.25162
5.32709	0.2494
5.33217	0.24718
5.33725	0.2449
5.34233	0.24259
5.34741	0.24024
5.35249	0.23787
5.35757	0.23548
5.36265	0.23307
5.36774	0.23066
5.37282	0.22826
5.3779	0.22587
5.38298	0.22351
5.38806	0.22117
5.39314	0.21887
5.39822	0.21662
5.4033	0.21443
5.40838	0.21235
5.41347	0.21039
5.41855	0.20852
5.42363	0.20679
5.42871	0.20525
5.43379	0.20386
5.43887	0.20258
5.44395	0.20142
5.44903	0.20038
5.45412	0.19947
5.4592	0.19868
5.46428	0.19802
5.46936	0.19749
5.47444	0.19709
5.47952	0.19682
5.4846	0.19668
5.48968	0.19665
5.49477	0.19674
5.49985	0.19693
5.50493	0.19722
5.51001	0.1976
5.51509	0.19806
5.52017	0.19858
5.52525	0.19914
5.53033	0.19974
5.53541	0.20036
5.5405	0.20098
5.54558	0.20158
5.55066	0.20215
5.55574	0.20268
5.56082	0.20313
5.5659	0.2035
5.57098	0.20377
5.57606	0.20393
5.58115	0.20395
5.58623	0.20388
5.59131	0.20371
5.59639	0.20347
5.60147	0.20315
5.60655	0.20265
5.61163	0.20196
5.61671	0.20113
5.6218	0.20016
5.62688	0.19899
5.63196	0.19763
5.63704	0.19609
5.64212	0.19438
5.6472	0.19249
5.65228	0.19044
5.65736	0.18824
5.66244	0.18591
5.66753	0.18345
5.67261	0.18089
5.67769	0.17825
5.68277	0.17554
5.68785	0.1728
5.69293	0.17002
5.69801	0.16723
5.70309	0.16447
5.70818	0.16178
5.71326	0.15911
5.71834	0.15649
5.72342	0.15392
5.7285	0.15142
5.73358	0.149
5.73866	0.14666
5.74374	0.14442
5.74883	0.14228
5.75391	0.14024
5.75899	0.13831
5.76407	0.13649
5.76915	0.13478
5.77423	0.13317
5.77931	0.13167
5.78439	0.13026
5.78948	0.12895
5.79456	0.12772
5.79964	0.12658
5.80472	0.1255
5.8098	0.12448
5.81488	0.12351
5.81996	0.12263
5.82504	0.12182
5.83012	0.12103
5.83521	0.12025
5.84029	0.11946
5.84537	0.11866
5.85045	0.11784
5.85553	0.11698
5.86061	0.11608
5.86569	0.11513
5.87077	0.11413
5.87586	0.11306
5.88094	0.11198
5.88602	0.11087
5.8911	0.10969
5.89618	0.10844
5.90126	0.10712
5.90634	0.10572
5.91142	0.10425
5.91651	0.10272
5.92159	0.10113
5.92667	0.0995
5.93175	0.09782
5.93683	0.09609
5.94191	0.09432
5.94699	0.09255
5.95207	0.09078
5.95715	0.08899
5.96224	0.08719
5.96732	0.08539
5.9724	0.08359
5.97748	0.0818
5.98256	0.08003
5.98764	0.07828
5.99272	0.07656
5.9978	0.07488
6.00289	0.07324
6.00797	0.07164
6.01305	0.07008
6.01813	0.06857
6.02321	0.06712
6.02829	0.06571
6.03337	0.06435
6.03845	0.06304
6.04354	0.06178
6.04862	0.06057
6.0537	0.0594
6.05878	0.05826
6.06386	0.05716
6.06894	0.05609
6.07402	0.05505
6.0791	0.05402
6.08419	0.05302
6.08927	0.05202
6.09435	0.05104
6.09943	0.05005
6.10451	0.04907
6.10959	0.04807
6.11467	0.04707
6.11975	0.04611
6.12483	0.04518
6.12992	0.04423
6.135	0.04326
6.14008	0.04227
6.14516	0.04127
6.15024	0.04024
6.15532	0.0392
6.1604	0.03813
6.16548	0.03705
6.17057	0.03596
6.17565	0.03486
6.18073	0.03375
6.18581	0.03264
6.19089	0.03153
6.19597	0.03042
6.20105	0.02933
6.20613	0.02825
6.21122	0.02718
6.2163	0.02615
6.22138	0.02513
6.22646	0.02415
6.23154	0.02321
6.23662	0.0223
6.2417	0.02143
6.24678	0.02061
6.25186	0.01984
6.25695	0.01911
6.26203	0.01843
6.26711	0.01781
6.27219	0.01723
6.27727	0.01671
6.28235	0.01623
6.28743	0.0158
6.29251	0.01542
6.2976	0.01509
6.30268	0.01479
6.30776	0.01454
6.31284	0.01432
6.31792	0.01414
6.323	0.01399
6.32808	0.01386
6.33316	0.01375
6.33825	0.01367
6.34333	0.01359
6.34841	0.01353
6.35349	0.01348
6.35857	0.01343
6.36365	0.01337
6.36873	0.01332
6.37381	0.01326
6.37889	0.01319
6.38398	0.01311
6.38906	0.01302
6.39414	0.01291
6.39922	0.0128
6.4043	0.01269
6.40938	0.01255
6.41446	0.0124
6.41954	0.01223
6.42463	0.01203
6.42971	0.01182
6.43479	0.01158
6.43987	0.01133
6.44495	0.01105
6.45003	0.01076
6.45511	0.01045
6.46019	0.01013
6.46528	0.0098
6.47036	0.00945
6.47544	0.00909
6.48052	0.00873
6.4856	0.00836
6.49068	0.00798
6.49576	0.0076
6.50084	0.00723
6.50593	0.00685
6.51101	0.00648
6.51609	0.00611
6.52117	0.00575
6.52625	0.0054
6.53133	0.00505
6.53641	0.00472
6.54149	0.00439
6.54657	0.00408
6.55166	0.00378
6.55674	0.00349
6.56182	0.00322
6.5669	0.00296
6.57198	0.00271
6.57706	0.00248
6.58214	0.00226
6.58722	0.00206
6.59231	0.00187
6.59739	0.00169
6.60247	0.00153
6.60755	0.00138
6.61263	0.00124
6.61771	0.00111
6.62279	9.91386E-4
6.62787	8.83783E-4
6.63296	7.85827E-4
6.63804	6.96926E-4
6.64312	6.16489E-4
6.6482	5.4393E-4
6.65328	4.78673E-4
6.65836	4.20159E-4
6.66344	3.67847E-4
6.66852	3.21218E-4
6.6736	2.79776E-4
6.67869	2.43053E-4
6.68377	2.10605E-4
6.68885	1.82019E-4
6.69393	1.56907E-4
6.69901	1.34911E-4
6.70409	1.15699E-4
6.70917	9.89673E-5
6.71425	8.44369E-5
6.71934	7.18541E-5
6.72442	6.09888E-5
6.7295	5.16329E-5
6.73458	4.35996E-5
6.73966	3.67212E-5
6.74474	3.08482E-5
6.74982	2.58477E-5
6.7549	2.16019E-5
6.75999	1.8007E-5
6.76507	1.49716E-5
6.77015	1.24158E-5
6.77523	1.02698E-5
6.78031	8.47274E-6
6.78539	6.97215E-6
6.79047	5.72253E-6
6.79555	4.68477E-6
6.80064	3.82531E-6
6.80572	3.11547E-6
6.8108	2.53081E-6
6.81588	2.05057E-6
6.82096	1.65718E-6
6.82604	1.3358E-6
6.83112	1.07397E-6
6.8362	8.61235E-7
6.84128	6.88859E-7
6.84637	5.49563E-7
6.85145	4.37304E-7
6.85653	3.47079E-7
6.86161	0
6.86669	0
6.87177	0
6.87685	0
6.88193	0
6.88702	0
6.8921	0
6.89718	0
6.90226	0
6.90734	0
6.91242	0
6.9175	0
6.92258	0
6.92767	0
6.93275	0
6.93783	0
6.94291	0
6.94799	0
6.95307	0
6.95815	0
6.96323	0
6.96831	0
6.9734	0
6.97848	0
6.98356	0
6.98864	0
6.99372	0
6.9988	0
7.00388	0
7.00896	0
7.01405	0
7.01913	0
7.02421	0
7.02929	0
7.03437	0
7.03945	0
7.04453	0
7.04961	0
7.0547	0
7.05978	0
7.06486	0
7.06994	0
7.07502	0
7.0801	0
7.08518	0
7.09026	0
7.09534	0
7.10043	0
7.10551	0
7.11059	0
7.11567	0
7.12075	0
7.12583	0
7.13091	0
7.13599	0
7.14108	0
7.14616	0
7.15124	0
7.15632	0
7.1614	0
7.16648	0
7.17156	0
7.17664	0
7.18173	0
7.18681	0
7.19189	0
7.19697	0
7.20205	0
7.20713	0
7.21221	0
7.21729	0
7.22238	0
7.22746	0
7.23254	0
7.23762	0
7.2427	0
7.24778	0
7.25286	0
7.25794	0
7.26302	0
7.26811	0
7.27319	0
7.27827	0
7.28335	0
7.28843	0
7.29351	0
7.29859	0
7.30367	0
7.30876	0
7.31384	0
7.31892	0
7.324	0
7.32908	0
7.33416	0
7.33924	0
7.34432	0
7.34941	0
7.35449	0
7.35957	0
7.36465	0
7.36973	0
7.37481	0
7.37989	0
7.38497	0
7.39005	0
7.39514	0
7.40022	0
7.4053	0
7.41038	0
7.41546	0
7.42054	0
7.42562	0
7.4307	0
7.43579	0
7.44087	0
7.44595	0
7.45103	0
7.45611	0
7.46119	0
7.46627	0
7.47135	0
7.47644	0
7.48152	0
7.4866	0
7.49168	0
7.49676	0
7.50184	0
7.50692	0
7.512	0
7.51708	0
7.52217	0
7.52725	0
7.53233	0
7.53741	0
7.54249	0
7.54757	0
7.55265	0
7.55773	0
7.56282	0
7.5679	0
7.57298	0
7.57806	0
7.58314	0
7.58822	0
7.5933	0
7.59838	0
7.60347	0
7.60855	0
7.61363	0
7.61871	0
7.62379	0
7.62887	0
7.63395	0
7.63903	0
7.64412	0
7.6492	0
7.65428	0
7.65936	0
7.66444	0
7.66952	0
7.6746	0
7.67968	0
7.68476	0
7.68985	0
7.69493	0
7.70001	0
7.70509	0
7.71017	0
7.71525	0
7.72033	0
7.72541	0
7.7305	0
7.73558	0
7.74066	0
7.74574	0
7.75082	0
7.7559	0
7.76098	0
7.76606	0
7.77115	0
7.77623	0
7.78131	0
7.78639	0
7.79147	0
7.79655	0
7.80163	0
7.80671	0
7.81179	0
7.81688	0
7.82196	0
7.82704	0
7.83212	0
7.8372	0
7.84228	0
7.84736	0
7.85244	0
7.85753	0
7.86261	0
7.86769	0
7.87277	0
7.87785	0
7.88293	0
7.88801	0
7.89309	0
7.89818	0
7.90326	0
7.90834	0
7.91342	0
7.9185	0
7.92358	0
7.92866	0
7.93374	0
7.93883	0
7.94391	0
7.94899	0
7.95407	0
7.95915	0
7.96423	0
7.96931	0
7.97439	0
7.97947	0
7.98456	0
7.98964	0
7.99472	0
7.9998	0
8.00488	0
8.00996	0
8.01504	0
8.02012	0
8.02521	0
8.03029	0
8.03537	0
8.04045	0
8.04553	0
8.05061	0
8.05569	0
8.06077	0
8.06586	0
8.07094	0
8.07602	0
8.0811	0
8.08618	0
8.09126	0
8.09634	0
8.10142	0
8.1065	0
8.11159	0
8.11667	0
8.12175	0
8.12683	0
8.13191	0
8.13699	0
8.14207	0
8.14715	0
8.15224	0
8.15732	0
8.1624	0
8.16748	0
8.17256	0
8.17764	0
8.18272	0
8.1878	0
8.19289	0
8.19797	0
8.20305	0
8.20813	0
8.21321	0
8.21829	0
8.22337	0
8.22845	0
8.23353	0
8.23862	0
8.2437	0
8.24878	0
8.25386	0
8.25894	0
8.26402	0
8.2691	0
8.27418	0
8.27927	0
8.28435	0
8.28943	0
8.29451	0
8.29959	0
8.30467	0
8.30975	0
8.31483	0
8.31992	0
8.325	0
8.33008	0
8.33516	0
8.34024	0
8.34532	0
8.3504	0
8.35548	0
8.36057	0
8.36565	0
8.37073	0
8.37581	0
8.38089	0
8.38597	0
8.39105	0
8.39613	0
8.40121	0
8.4063	0
8.41138	0
8.41646	0
8.42154	0
8.42662	0
8.4317	0
8.43678	0
8.44186	0
8.44695	0
8.45203	0
8.45711	0
8.46219	0
8.46727	0
8.47235	0
8.47743	0
8.48251	0
8.4876	0
8.49268	0
8.49776	0
8.50284	0
8.50792	0
8.513	0
8.51808	0
8.52316	0
8.52824	0
8.53333	0
8.53841	0
8.54349	0
8.54857	0
8.55365	0
8.55873	0
8.56381	0
8.56889	0
8.57398	0
8.57906	0
8.58414	0
8.58922	0
8.5943	0
8.59938	0
8.60446	0
8.60954	0
8.61463	0
8.61971	0
8.62479	0
8.62987	0
8.63495	0
8.64003	0
8.64511	0
8.65019	0
8.65528	0
8.66036	0
8.66544	0
8.67052	0
8.6756	0
8.68068	0
8.68576	0
8.69084	0
8.69592	0
8.70101	0
8.70609	0
8.71117	0
8.71625	0
8.72133	0
8.72641	0
8.73149	0
8.73657	0
8.74166	0
8.74674	0
8.75182	0
8.7569	0
8.76198	0
8.76706	0
8.77214	0
8.77722	0
8.78231	0
8.78739	0
8.79247	0
8.79755	0
8.80263	0
8.80771	0
8.81279	0
