-57.63738	0
-57.62681	0
-56.54893	1.28318E-4
-56.53836	1.62911E-4
-56.5278	2.06255E-4
-56.51723	2.60402E-4
-56.50666	3.27847E-4
-56.49609	4.1161E-4
-56.48553	5.15334E-4
-56.47496	6.43396E-4
-56.46439	8.01043E-4
-56.45383	9.94537E-4
-56.44326	0.00123
-56.43269	0.00152
-56.42212	0.00187
-56.41156	0.0023
-56.40099	0.00281
-56.39042	0.00344
-56.37985	0.00418
-56.36929	0.00508
-56.35872	0.00615
-56.34815	0.00742
-56.33758	0.00894
-56.32702	0.01073
-56.31645	0.01285
-56.30588	0.01534
-56.29531	0.01826
-56.28475	0.02169
-56.27418	0.02568
-56.26361	0.03032
-56.25304	0.03569
-56.24248	0.04191
-56.23191	0.04907
-56.22134	0.05729
-56.21077	0.06671
-56.20021	0.07745
-56.18964	0.08968
-56.17907	0.10355
-56.1685	0.11923
-56.15794	0.1369
-56.14737	0.15674
-56.1368	0.17897
-56.12623	0.20378
-56.11567	0.23138
-56.1051	0.26199
-56.09453	0.29582
-56.08396	0.33308
-56.0734	0.374
-56.06283	0.41877
-56.05226	0.46759
-56.04169	0.52065
-56.03113	0.57811
-56.02056	0.64013
-56.00999	0.70682
-55.99942	0.77829
-55.98886	0.85459
-55.97829	0.93575
-55.96772	1.02177
-55.95715	1.11259
-55.94659	1.20809
-55.93602	1.30814
-55.92545	1.41253
-55.91489	1.521
-55.90432	1.63322
-55.89375	1.74884
-55.88318	1.86743
-55.87262	1.98849
-55.86205	2.1115
-55.85148	2.23587
-55.84091	2.36097
-55.83035	2.48611
-55.81978	2.61059
-55.80921	2.73365
-55.79864	2.85454
-55.78808	2.97247
-55.77751	3.08663
-55.76694	3.19625
-55.75637	3.30053
-55.74581	3.39871
-55.73524	3.49006
-55.72467	3.57387
-55.7141	3.64949
-55.70354	3.71632
-55.69297	3.77382
-55.6824	3.82153
-55.67183	3.85906
-55.66127	3.88609
-55.6507	3.90239
-55.64013	3.90784
-55.62956	3.90784
-55.619	3.90239
-55.60843	3.88609
-55.59786	3.85906
-55.58729	3.82153
-55.57673	3.77382
-55.56616	3.71632
-55.55559	3.64949
-55.54502	3.57387
-55.53446	3.49006
-55.52389	3.39871
-55.51332	3.30053
-55.50275	3.19625
-55.49219	3.08663
-55.48162	2.97247
-55.47105	2.85454
-55.46048	2.73365
-55.44992	2.61059
-55.43935	2.48611
-55.42878	2.36097
-55.41821	2.23587
-55.40765	2.1115
-55.39708	1.98849
-55.38651	1.86743
-55.37595	1.74884
-55.36538	1.63322
-55.35481	1.521
-55.34424	1.41253
-55.33368	1.30814
-55.32311	1.20809
-55.31254	1.11259
-55.30197	1.02177
-55.29141	0.93575
-55.28084	0.85459
-55.27027	0.77829
-55.2597	0.70682
-55.24914	0.64013
-55.23857	0.57811
-55.228	0.52065
-55.21743	0.46759
-55.20687	0.41877
-55.1963	0.374
-55.18573	0.33308
-55.17516	0.29582
-55.1646	0.26199
-55.15403	0.23138
-55.14346	0.20378
-55.13289	0.17897
-55.12233	0.15674
-55.11176	0.1369
-55.10119	0.11923
-55.09062	0.10355
-55.08006	0.08968
-55.06949	0.07745
-55.05892	0.06671
-55.04835	0.05729
-55.03779	0.04907
-55.02722	0.04191
-55.01665	0.03569
-55.00608	0.03032
-54.99552	0.02568
-54.98495	0.02169
-54.97438	0.01826
-54.96381	0.01534
-54.95325	0.01285
-54.94268	0.01073
-54.93211	0.00894
-54.92154	0.00742
-54.91098	0.00615
-54.90041	0.00508
-54.88984	0.00418
-54.87927	0.00344
-54.86871	0.00281
-54.85814	0.0023
-54.84757	0.00187
-54.83701	0.00152
-54.82644	0.00123
-54.81587	9.94537E-4
-54.8053	8.01043E-4
-54.79474	6.43396E-4
-54.78417	5.15334E-4
-54.7736	4.1161E-4
-54.76303	3.27847E-4
-54.75247	2.60402E-4
-54.7419	2.06255E-4
-54.73133	1.62911E-4
-54.72076	1.28318E-4
-54.7102	0
-32.63479	1.65701E-4
-32.62422	2.90684E-4
-32.61366	4.19976E-4
-32.60309	6.34752E-4
-32.59252	8.09733E-4
-32.58195	0.00102
-32.57139	0.00128
-32.56082	0.0016
-32.55025	0.00199
-32.53968	0.00248
-32.52912	0.00307
-32.51855	0.0038
-32.50798	0.00468
-32.49741	0.00576
-32.48685	0.00706
-32.47628	0.00863
-32.46571	0.01053
-32.45514	0.0128
-32.44458	0.01553
-32.43401	0.01878
-32.42344	0.02266
-32.41287	0.02725
-32.40231	0.03269
-32.39174	0.0391
-32.38117	0.04664
-32.3706	0.05548
-32.36004	0.06581
-32.34947	0.07786
-32.3389	0.09185
-32.32833	0.10805
-32.31777	0.12677
-32.3072	0.14831
-32.29663	0.17303
-32.28606	0.20131
-32.2755	0.23357
-32.26493	0.27025
-32.25436	0.31183
-32.24379	0.3588
-32.23323	0.41171
-32.22266	0.47111
-32.21209	0.5376
-32.20152	0.61176
-32.19096	0.69423
-32.18039	0.78564
-32.16982	0.88663
-32.15925	0.99782
-32.14869	1.11986
-32.13812	1.25334
-32.12755	1.39885
-32.11698	1.55693
-32.10642	1.72808
-32.09585	1.91274
-32.08528	2.11128
-32.07472	2.32397
-32.06415	2.551
-32.05358	2.79247
-32.04301	3.04834
-32.03245	3.31844
-32.02188	3.60248
-32.01131	3.90001
-32.00074	4.21043
-31.99018	4.53298
-31.97961	4.86674
-31.96904	5.21061
-31.95847	5.56333
-31.94791	5.9235
-31.93734	6.28953
-31.92677	6.6597
-31.9162	7.03215
-31.90564	7.40487
-31.89507	7.77577
-31.8845	8.14265
-31.87393	8.50325
-31.86337	8.85525
-31.8528	9.1963
-31.84223	9.52405
-31.83166	9.83619
-31.8211	10.13044
-31.81053	10.40463
-31.79996	10.65666
-31.78939	10.8846
-31.77883	11.08664
-31.76826	11.26119
-31.75769	11.40682
-31.74712	11.52237
-31.73656	11.60748
-31.72599	11.66449
-31.71542	11.69452
-31.70485	11.69775
-31.69429	11.67414
-31.68372	11.62489
-31.67315	11.54861
-31.66258	11.44147
-31.65202	11.30396
-31.64145	11.13718
-31.63088	10.94251
-31.62031	10.72148
-31.60975	10.47584
-31.59918	10.2075
-31.58861	9.9185
-31.57804	9.61102
-31.56748	9.28729
-31.55691	8.94963
-31.54634	8.60037
-31.53578	8.24187
-31.52521	7.87645
-31.51464	7.5064
-31.50407	7.13394
-31.49351	6.76119
-31.48294	6.39018
-31.47237	6.02281
-31.4618	5.66085
-31.45124	5.30592
-31.44067	4.95948
-31.4301	4.62282
-31.41953	4.29709
-31.40897	3.98325
-31.3984	3.68212
-31.38783	3.39433
-31.37726	3.12037
-31.3667	2.86058
-31.35613	2.61516
-31.34556	2.38418
-31.33499	2.16758
-31.32443	1.9652
-31.31386	1.77679
-31.30329	1.60199
-31.29272	1.4404
-31.28216	1.29151
-31.27159	1.15481
-31.26102	1.02972
-31.25045	0.91564
-31.23989	0.81194
-31.22932	0.718
-31.21875	0.63316
-31.20818	0.55681
-31.19762	0.4883
-31.18705	0.42704
-31.17648	0.37243
-31.16591	0.3239
-31.15535	0.28092
-31.14478	0.24297
-31.13421	0.20956
-31.12364	0.18025
-31.11308	0.1546
-31.10251	0.13224
-31.09194	0.1128
-31.08137	0.09595
-31.07081	0.08139
-31.06024	0.06885
-31.04967	0.05808
-31.0391	0.04886
-31.02854	0.04099
-31.01797	0.03429
-31.0074	0.02861
-30.99684	0.0238
-30.98627	0.01975
-30.9757	0.01634
-30.96513	0.01348
-30.95457	0.01109
-30.944	0.0091
-30.93343	0.00745
-30.92286	0.00608
-30.9123	0.00494
-30.90173	0.00401
-30.89116	0.00325
-30.88059	0.00262
-30.87003	0.00211
-30.85946	0.00169
-30.84889	0.00135
-30.83832	0.00108
-30.82776	8.59876E-4
-30.81719	6.71237E-4
-30.80662	4.75345E-4
-30.79605	3.34512E-4
-30.78549	2.00298E-4
-30.77492	1.16623E-4
-30.76435	9.50502E-6
-10.20009	1.04207E-4
-10.18952	1.27229E-4
-10.17896	1.54905E-4
-10.16839	1.88074E-4
-10.15782	2.2771E-4
-10.14725	2.74931E-4
-10.13669	3.31018E-4
-10.12612	3.97436E-4
-10.11555	4.7585E-4
-10.10498	5.68147E-4
-10.09442	6.76456E-4
-10.08385	8.03166E-4
-10.07328	9.50952E-4
-10.06271	0.00112
-10.05215	0.00132
-10.04158	0.00155
-10.03101	0.00182
-10.02044	0.00212
-10.00988	0.00247
-9.99931	0.00287
-9.98874	0.00332
-9.97817	0.00384
-9.96761	0.00442
-9.95704	0.00507
-9.94647	0.00581
-9.9359	0.00663
-9.92534	0.00755
-9.91477	0.00857
-9.9042	0.0097
-9.89363	0.01096
-9.88307	0.01234
-9.8725	0.01385
-9.86193	0.01551
-9.85137	0.01732
-9.8408	0.01928
-9.83023	0.02141
-9.81966	0.02371
-9.8091	0.02618
-9.79853	0.02883
-9.78796	0.03165
-9.77739	0.03466
-9.76683	0.03784
-9.75626	0.04121
-9.74569	0.04474
-9.73512	0.04845
-9.72456	0.05232
-9.71399	0.05633
-9.70342	0.06049
-9.69285	0.06477
-9.68229	0.06916
-9.67172	0.07365
-9.66115	0.0782
-9.65058	0.08282
-9.64002	0.08746
-9.62945	0.0921
-9.61888	0.09672
-9.60831	0.10128
-9.59775	0.10577
-9.58718	0.11015
-9.57661	0.11439
-9.56604	0.11847
-9.55548	0.12235
-9.54491	0.12602
-9.53434	0.12943
-9.52377	0.13257
-9.51321	0.13542
-9.50264	0.13795
-9.49207	0.14015
-9.4815	0.142
-9.47094	0.14349
-9.46037	0.14461
-9.4498	0.14536
-9.43923	0.14573
-9.42867	0.14593
-9.4181	0.14596
-9.40753	0.14563
-9.39696	0.14496
-9.3864	0.14395
-9.37583	0.14262
-9.36526	0.14101
-9.35469	0.13913
-9.34413	0.13702
-9.33356	0.13471
-9.32299	0.13224
-9.31243	0.12965
-9.30186	0.12699
-9.29129	0.12428
-9.28072	0.1216
-9.27016	0.11897
-9.25959	0.11646
-9.24902	0.1141
-9.23845	0.11196
-9.22789	0.11009
-9.21732	0.10852
-9.20675	0.10731
-9.19618	0.10652
-9.18562	0.10617
-9.17505	0.10633
-9.16448	0.10702
-9.15391	0.10829
-9.14335	0.11017
-9.13278	0.11268
-9.12221	0.11587
-9.11164	0.11974
-9.10108	0.12432
-9.09051	0.12961
-9.07994	0.13562
-9.06937	0.14236
-9.05881	0.1498
-9.04824	0.15794
-9.03767	0.16678
-9.0271	0.17625
-9.01654	0.18634
-9.00597	0.19701
-8.9954	0.2082
-8.98483	0.21987
-8.97427	0.23196
-8.9637	0.24439
-8.95313	0.25709
-8.94256	0.26999
-8.932	0.283
-8.92143	0.29604
-8.91086	0.30902
-8.90029	0.32184
-8.88973	0.33442
-8.87916	0.34666
-8.86859	0.35847
-8.85802	0.36976
-8.84746	0.38044
-8.83689	0.39043
-8.82632	0.39964
-8.81575	0.40801
-8.80519	0.41547
-8.79462	0.42197
-8.78405	0.42745
-8.77349	0.43187
-8.76292	0.43521
-8.75235	0.43744
-8.74178	0.43857
-8.73122	0.43919
-8.72065	0.43933
-8.71008	0.43838
-8.69951	0.43638
-8.68895	0.43338
-8.67838	0.42941
-8.66781	0.42453
-8.65724	0.41883
-8.64668	0.41238
-8.63611	0.40526
-8.62554	0.39757
-8.61497	0.38941
-8.60441	0.38089
-8.59384	0.37211
-8.58327	0.36318
-8.5727	0.35421
-8.56214	0.34533
-8.55157	0.33663
-8.541	0.32823
-8.53043	0.32023
-8.51987	0.31273
-8.5093	0.30581
-8.49873	0.29956
-8.48816	0.29407
-8.4776	0.28941
-8.46703	0.28561
-8.45646	0.28274
-8.44589	0.28083
-8.43533	0.27989
-8.42476	0.27996
-8.41419	0.28102
-8.40362	0.28308
-8.39306	0.2861
-8.38249	0.29006
-8.37192	0.29491
-8.36135	0.3006
-8.35079	0.30707
-8.34022	0.31424
-8.32965	0.32204
-8.31908	0.33039
-8.30852	0.33918
-8.29795	0.34833
-8.28738	0.35773
-8.27681	0.36729
-8.26625	0.3769
-8.25568	0.38646
-8.24511	0.39587
-8.23455	0.40503
-8.22398	0.41386
-8.21341	0.42226
-8.20284	0.43017
-8.19228	0.4375
-8.18171	0.4442
-8.17114	0.45021
-8.16057	0.4555
-8.15001	0.46003
-8.13944	0.46378
-8.12887	0.46675
-8.1183	0.46955
-8.10774	0.47218
-8.09717	0.47407
-8.0866	0.47523
-8.07603	0.47571
-8.06547	0.47556
-8.0549	0.47484
-8.04433	0.47361
-8.03376	0.47195
-8.0232	0.46993
-8.01263	0.46768
-8.00206	0.46522
-7.99149	0.46268
-7.98093	0.46015
-7.97036	0.45771
-7.95979	0.45545
-7.94922	0.45345
-7.93866	0.4518
-7.92809	0.45056
-7.91752	0.44981
-7.90695	0.44959
-7.89639	0.44997
-7.88582	0.45098
-7.87525	0.45264
-7.86468	0.45497
-7.85412	0.45799
-7.84355	0.46168
-7.83298	0.46604
-7.82241	0.47103
-7.81185	0.47662
-7.80128	0.48278
-7.79071	0.48946
-7.78014	0.49658
-7.76958	0.50409
-7.75901	0.51192
-7.74844	0.51999
-7.73787	0.52825
-7.72731	0.53661
-7.71674	0.5452
-7.70617	0.55397
-7.69561	0.56263
-7.68504	0.57114
-7.67447	0.57943
-7.6639	0.58747
-7.65334	0.59522
-7.64277	0.60267
-7.6322	0.60982
-7.62163	0.61666
-7.61107	0.62323
-7.6005	0.62955
-7.58993	0.63569
-7.57936	0.6417
-7.5688	0.64767
-7.55823	0.6543
-7.54766	0.6617
-7.53709	0.66937
-7.52653	0.67742
-7.51596	0.686
-7.50539	0.69523
-7.49482	0.70526
-7.48426	0.71623
-7.47369	0.72831
-7.46312	0.74163
-7.45255	0.75633
-7.44199	0.77256
-7.43142	0.79045
-7.42085	0.81011
-7.41028	0.83165
-7.39972	0.85516
-7.38915	0.88071
-7.37858	0.90836
-7.36801	0.93815
-7.35745	0.97007
-7.34688	1.00409
-7.33631	1.0402
-7.32574	1.07831
-7.31518	1.11834
-7.30461	1.16017
-7.29404	1.20366
-7.28347	1.24867
-7.27291	1.29496
-7.26234	1.34234
-7.25177	1.39059
-7.2412	1.43947
-7.23064	1.4887
-7.22007	1.53802
-7.2095	1.58716
-7.19893	1.63581
-7.18837	1.68371
-7.1778	1.73057
-7.16723	1.77611
-7.15667	1.82007
-7.1461	1.86217
-7.13553	1.90216
-7.12496	1.93981
-7.1144	1.97511
-7.10383	2.00787
-7.09326	2.03894
-7.08269	2.06816
-7.07213	2.09417
-7.06156	2.11747
-7.05099	2.13797
-7.04042	2.15502
-7.02986	2.16857
-7.01929	2.17865
-7.00872	2.18527
-6.99815	2.18852
-6.98759	2.18848
-6.97702	2.18529
-6.96645	2.17911
-6.95588	2.17011
-6.94532	2.15851
-6.93475	2.14455
-6.92418	2.12848
-6.91361	2.11099
-6.90305	2.09237
-6.89248	2.07254
-6.88191	2.0518
-6.87134	2.0311
-6.86078	2.01077
-6.85021	1.99052
-6.83964	1.97071
-6.82907	1.95168
-6.81851	1.93377
-6.80794	1.91731
-6.79737	1.90265
-6.7868	1.89049
-6.77624	1.88116
-6.76567	1.87453
-6.7551	1.87089
-6.74453	1.87048
-6.73397	1.87353
-6.7234	1.88025
-6.71283	1.89083
-6.70226	1.90542
-6.6917	1.92416
-6.68113	1.94713
-6.67056	1.97444
-6.65999	2.00606
-6.64943	2.04203
-6.63886	2.08228
-6.62829	2.12677
-6.61773	2.1756
-6.60716	2.22862
-6.59659	2.28546
-6.58602	2.34591
-6.57546	2.40975
-6.56489	2.4767
-6.55432	2.5465
-6.54375	2.61885
-6.53319	2.69338
-6.52262	2.76978
-6.51205	2.84768
-6.50148	2.92672
-6.49092	3.00654
-6.48035	3.08676
-6.46978	3.16702
-6.45921	3.24695
-6.44865	3.32681
-6.43808	3.40688
-6.42751	3.48619
-6.41694	3.56383
-6.40638	3.63951
-6.39581	3.71295
-6.38524	3.78394
-6.37467	3.85224
-6.36411	3.91889
-6.35354	3.98376
-6.34297	4.04549
-6.3324	4.10401
-6.32184	4.15985
-6.31127	4.21301
-6.3007	4.26286
-6.29013	4.30948
-6.27957	4.3529
-6.269	4.39321
-6.25843	4.43055
-6.24786	4.46505
-6.2373	4.49748
-6.22673	4.52862
-6.21616	4.55804
-6.20559	4.58532
-6.19503	4.61088
-6.18446	4.63485
-6.17389	4.65719
-6.16332	4.67896
-6.15276	4.7007
-6.14219	4.72172
-6.13162	4.7418
-6.12105	4.76103
-6.11049	4.77951
-6.09992	4.79734
-6.08935	4.81459
-6.07878	4.83132
-6.06822	4.84756
-6.05765	4.86335
-6.04708	4.8787
-6.03652	4.8936
-6.02595	4.90807
-6.01538	4.92203
-6.00481	4.93547
-5.99425	4.94835
-5.98368	4.96063
-5.97311	4.97288
-5.96254	4.98561
-5.95198	4.99938
-5.94141	5.01394
-5.93084	5.02796
-5.92027	5.04096
-5.90971	5.05288
-5.89914	5.06366
-5.88857	5.07324
-5.878	5.08159
-5.86744	5.08869
-5.85687	5.09455
-5.8463	5.09918
-5.83573	5.10319
-5.82517	5.10725
-5.8146	5.1108
-5.80403	5.11324
-5.79346	5.11466
-5.7829	5.11513
-5.77233	5.11473
-5.76176	5.11354
-5.75119	5.11289
-5.74063	5.11285
-5.73006	5.11252
-5.71949	5.11196
-5.70892	5.11107
-5.69836	5.10992
-5.68779	5.1086
-5.67722	5.10718
-5.66665	5.10574
-5.65609	5.10434
-5.64552	5.10303
-5.63495	5.10187
-5.62438	5.1021
-5.61382	5.10374
-5.60325	5.10619
-5.59268	5.10941
-5.58211	5.11279
-5.57155	5.11629
-5.56098	5.11981
-5.55041	5.1233
-5.53984	5.12669
-5.52928	5.12989
-5.51871	5.13343
-5.50814	5.13721
-5.49758	5.1405
-5.48701	5.14319
-5.47644	5.14515
-5.46587	5.14748
-5.45531	5.15005
-5.44474	5.15148
-5.43417	5.1517
-5.4236	5.15053
-5.41304	5.14791
-5.40247	5.14362
-5.3919	5.13763
-5.38133	5.12983
-5.37077	5.12073
-5.3602	5.11088
-5.34963	5.09961
-5.33906	5.08624
-5.3285	5.07073
-5.31793	5.05305
-5.30736	5.0332
-5.29679	5.0112
-5.28623	4.98707
-5.27566	4.96266
-5.26509	4.93864
-5.25452	4.91321
-5.24396	4.88581
-5.23339	4.85654
-5.22282	4.82548
-5.21225	4.79272
-5.20169	4.75837
-5.19112	4.72255
-5.18055	4.68541
-5.16998	4.6471
-5.15942	4.60779
-5.14885	4.56763
-5.13828	4.52684
-5.12771	4.48556
-5.11715	4.444
-5.10658	4.40357
-5.09601	4.36446
-5.08544	4.32564
-5.07488	4.28729
-5.06431	4.24958
-5.05374	4.21329
-5.04317	4.17862
-5.03261	4.14508
-5.02204	4.11348
-5.01147	4.08394
-5.0009	4.05598
-4.99034	4.02971
-4.97977	4.00525
-4.9692	3.9827
-4.95864	3.96213
-4.94807	3.94365
-4.9375	3.92727
-4.92693	3.91304
-4.91637	3.90098
-4.9058	3.89111
-4.89523	3.88465
-4.88466	3.88153
-4.8741	3.88048
-4.86353	3.88142
-4.85296	3.88445
-4.84239	3.88944
-4.83183	3.89605
-4.82126	3.90415
-4.81069	3.91357
-4.80012	3.92414
-4.78956	3.93569
-4.77899	3.948
-4.76842	3.9609
-4.75785	3.97418
-4.74729	3.98769
-4.73672	4.0012
-4.72615	4.01455
-4.71558	4.02816
-4.70502	4.04185
-4.69445	4.0549
-4.68388	4.06714
-4.67331	4.07846
-4.66275	4.08914
-4.65218	4.10092
-4.64161	4.1133
-4.63104	4.12439
-4.62048	4.13415
-4.60991	4.14252
-4.59934	4.14949
-4.58877	4.15512
-4.57821	4.15944
-4.56764	4.16249
-4.55707	4.16438
-4.5465	4.16517
-4.53594	4.16503
-4.52537	4.16407
-4.5148	4.16245
-4.50423	4.16033
-4.49367	4.15966
-4.4831	4.16062
-4.47253	4.16151
-4.46196	4.1625
-4.4514	4.16368
-4.44083	4.16522
-4.43026	4.16722
-4.4197	4.1698
-4.40913	4.17305
-4.39856	4.17707
-4.38799	4.18193
-4.37743	4.18769
-4.36686	4.1944
-4.35629	4.20206
-4.34572	4.21135
-4.33516	4.22227
-4.32459	4.23415
-4.31402	4.24698
-4.30345	4.26072
-4.29289	4.2759
-4.28232	4.29244
-4.27175	4.30969
-4.26118	4.32751
-4.25062	4.34582
-4.24005	4.36451
-4.22948	4.38349
-4.21891	4.40386
-4.20835	4.4255
-4.19778	4.44707
-4.18721	4.46844
-4.17664	4.48954
-4.16608	4.51084
-4.15551	4.53225
-4.14494	4.55303
-4.13437	4.57309
-4.12381	4.59299
-4.11324	4.61262
-4.10267	4.63131
-4.0921	4.64902
-4.08154	4.66568
-4.07097	4.68128
-4.0604	4.69578
-4.04983	4.70918
-4.03927	4.72149
-4.0287	4.73393
-4.01813	4.74652
-4.00756	4.75806
-3.997	4.76859
-3.98643	4.77813
-3.97586	4.78732
-3.96529	4.79626
-3.95473	4.80437
-3.94416	4.81169
-3.93359	4.81828
-3.92302	4.82422
-3.91246	4.83018
-3.90189	4.83622
-3.89132	4.8418
-3.88076	4.84699
-3.87019	4.85305
-3.85962	4.86
-3.84905	4.86668
-3.83849	4.87313
-3.82792	4.87995
-3.81735	4.88718
-3.80678	4.89422
-3.79622	4.90103
-3.78565	4.90765
-3.77508	4.91407
-3.76451	4.92024
-3.75395	4.92618
-3.74338	4.93184
-3.73281	4.93719
-3.72224	4.94225
-3.71168	4.94697
-3.70111	4.95193
-3.69054	4.9571
-3.67997	4.96181
-3.66941	4.96607
-3.65884	4.97041
-3.64827	4.97482
-3.6377	4.97966
-3.62714	4.98492
-3.61657	4.98949
-3.606	4.99335
-3.59543	4.99649
-3.58487	4.99966
-3.5743	5.00282
-3.56373	5.00521
-3.55316	5.00676
-3.5426	5.00807
-3.53203	5.00914
-3.52146	5.00998
-3.51089	5.01055
-3.50033	5.01027
-3.48976	5.00916
-3.47919	5.00723
-3.46862	5.00454
-3.45806	5.00112
-3.44749	4.99703
-3.43692	4.99237
-3.42635	4.98722
-3.41579	4.98164
-3.40522	4.97577
-3.39465	4.96974
-3.38408	4.96427
-3.37352	4.95951
-3.36295	4.95503
-3.35238	4.95219
-3.34182	4.95115
-3.33125	4.95087
-3.32068	4.95151
-3.31011	4.95347
-3.29955	4.9577
-3.28898	4.96424
-3.27841	4.9724
-3.26784	4.98236
-3.25728	4.9943
-3.24671	5.00894
-3.23614	5.02706
-3.22557	5.04814
-3.21501	5.07169
-3.20444	5.09777
-3.19387	5.12647
-3.1833	5.15777
-3.17274	5.19171
-3.16217	5.22824
-3.1516	5.26733
-3.14103	5.30889
-3.13047	5.3528
-3.1199	5.39892
-3.10933	5.44707
-3.09876	5.49749
-3.0882	5.54993
-3.07763	5.60392
-3.06706	5.65918
-3.05649	5.71519
-3.04593	5.77167
-3.03536	5.82887
-3.02479	5.88645
-3.01422	5.94349
-3.00366	5.9996
-2.99309	6.05445
-2.98252	6.10773
-2.97195	6.15974
-2.96139	6.21077
-2.95082	6.26113
-2.94025	6.31
-2.92968	6.35588
-2.91912	6.39898
-2.90855	6.43909
-2.89798	6.47569
-2.88741	6.50926
-2.87685	6.53973
-2.86628	6.56647
-2.85571	6.59007
-2.84514	6.61057
-2.83458	6.62804
-2.82401	6.64259
-2.81344	6.65411
-2.80288	6.66276
-2.79231	6.66828
-2.78174	6.67086
-2.77117	6.67133
-2.76061	6.66989
-2.75004	6.66675
-2.73947	6.66209
-2.7289	6.65556
-2.71834	6.64734
-2.70777	6.63883
-2.6972	6.6302
-2.68663	6.62039
-2.67607	6.60953
-2.6655	6.59771
-2.65493	6.58507
-2.64436	6.57167
-2.6338	6.55754
-2.62323	6.5427
-2.61266	6.52719
-2.60209	6.51217
-2.59153	6.49764
-2.58096	6.4823
-2.57039	6.46603
-2.55982	6.44874
-2.54926	6.43033
-2.53869	6.41066
-2.52812	6.38961
-2.51755	6.36763
-2.50699	6.3462
-2.49642	6.32457
-2.48585	6.30095
-2.47528	6.27561
-2.46472	6.24842
-2.45415	6.21881
-2.44358	6.1867
-2.43301	6.15198
-2.42245	6.11463
-2.41188	6.0746
-2.40131	6.03187
-2.39074	5.98648
-2.38018	5.93911
-2.36961	5.89043
-2.35904	5.83993
-2.34847	5.78713
-2.33791	5.7334
-2.32734	5.67952
-2.31677	5.62446
-2.3062	5.56785
-2.29564	5.50988
-2.28507	5.45082
-2.2745	5.39154
-2.26394	5.3323
-2.25337	5.27283
-2.2428	5.21337
-2.23223	5.15423
-2.22167	5.09573
-2.2111	5.03815
-2.20053	4.9818
-2.18996	4.92699
-2.1794	4.87458
-2.16883	4.82485
-2.15826	4.77804
-2.14769	4.73438
-2.13713	4.69344
-2.12656	4.65541
-2.11599	4.62042
-2.10542	4.58863
-2.09486	4.56075
-2.08429	4.53681
-2.07372	4.51628
-2.06315	4.49917
-2.05259	4.48545
-2.04202	4.47513
-2.03145	4.46812
-2.02088	4.46441
-2.01032	4.46387
-1.99975	4.46699
-1.98918	4.47367
-1.97861	4.48315
-1.96805	4.49528
-1.95748	4.5099
-1.94691	4.52685
-1.93634	4.54595
-1.92578	4.56705
-1.91521	4.58996
-1.90464	4.61576
-1.89407	4.64425
-1.88351	4.67467
-1.87294	4.70684
-1.86237	4.73999
-1.8518	4.77394
-1.84124	4.80859
-1.83067	4.84375
-1.8201	4.87938
-1.80953	4.91528
-1.79897	4.95259
-1.7884	4.99119
-1.77783	5.02982
-1.76726	5.06835
-1.7567	5.1067
-1.74613	5.14479
-1.73556	5.18256
-1.725	5.22055
-1.71443	5.25868
-1.70386	5.29628
-1.69329	5.33328
-1.68273	5.36959
-1.67216	5.40539
-1.66159	5.44117
-1.65102	5.47666
-1.64046	5.51114
-1.62989	5.5447
-1.61932	5.57743
-1.60875	5.60961
-1.59819	5.6409
-1.58762	5.67051
-1.57705	5.69835
-1.56648	5.72419
-1.55592	5.74787
-1.54535	5.77042
-1.53478	5.79164
-1.52421	5.8101
-1.51365	5.82558
-1.50308	5.83788
-1.49251	5.8468
-1.48194	5.85209
-1.47138	5.85357
-1.46081	5.85224
-1.45024	5.84853
-1.43967	5.84106
-1.42911	5.82899
-1.41854	5.81216
-1.40797	5.79046
-1.3974	5.76377
-1.38684	5.73198
-1.37627	5.69506
-1.3657	5.65297
-1.35513	5.60569
-1.34457	5.55333
-1.334	5.49712
-1.32343	5.43779
-1.31286	5.37427
-1.3023	5.3067
-1.29173	5.23528
-1.28116	5.15963
-1.27059	5.08061
-1.26003	4.99849
-1.24946	4.91341
-1.23889	4.82567
-1.22832	4.73586
-1.21776	4.64435
-1.20719	4.5509
-1.19662	4.45594
-1.18606	4.35987
-1.17549	4.26371
-1.16492	4.16791
-1.15435	4.07227
-1.14379	3.9772
-1.13322	3.88311
-1.12265	3.7904
-1.11208	3.69945
-1.10152	3.61062
-1.09095	3.52426
-1.08038	3.44069
-1.06981	3.36022
-1.05925	3.28311
-1.04868	3.21001
-1.03811	3.14114
-1.02754	3.07627
-1.01698	3.01555
-1.00641	2.95911
-0.99584	2.90703
-0.98527	2.85936
-0.97471	2.81618
-0.96414	2.77746
-0.95357	2.74321
-0.943	2.71338
-0.93244	2.68791
-0.92187	2.6667
-0.9113	2.64966
-0.90073	2.63786
-0.89017	2.63116
-0.8796	2.62813
-0.86903	2.62864
-0.85846	2.63244
-0.8479	2.6393
-0.83733	2.64898
-0.82676	2.66124
-0.81619	2.67583
-0.80563	2.69244
-0.79506	2.71083
-0.78449	2.7307
-0.77392	2.75174
-0.76336	2.77366
-0.75279	2.79617
-0.74222	2.81892
-0.73165	2.84223
-0.72109	2.86577
-0.71052	2.88861
-0.69995	2.91043
-0.68938	2.9309
-0.67882	2.95013
-0.66825	2.96782
-0.65768	2.98325
-0.64712	2.99614
-0.63655	3.00623
-0.62598	3.01325
-0.61541	3.01702
-0.60485	3.01732
-0.59428	3.01397
-0.58371	3.00684
-0.57314	2.99702
-0.56258	2.98441
-0.55201	2.96776
-0.54144	2.947
-0.53087	2.92238
-0.52031	2.89455
-0.50974	2.86337
-0.49917	2.82833
-0.4886	2.78958
-0.47804	2.74728
-0.46747	2.70167
-0.4569	2.65296
-0.44633	2.60204
-0.43577	2.5492
-0.4252	2.49476
-0.41463	2.43901
-0.40406	2.38172
-0.3935	2.32323
-0.38293	2.26387
-0.37236	2.20404
-0.36179	2.14408
-0.35123	2.08435
-0.34066	2.02522
-0.33009	1.96702
-0.31952	1.9101
-0.30896	1.85476
-0.29839	1.80131
-0.28782	1.75002
-0.27725	1.70114
-0.26669	1.6549
-0.25612	1.61147
-0.24555	1.57106
-0.23498	1.53377
-0.22442	1.49974
-0.21385	1.46903
-0.20328	1.44166
-0.19271	1.41765
-0.18215	1.397
-0.17158	1.37964
-0.16101	1.36552
-0.15044	1.35452
-0.13988	1.34651
-0.12931	1.34133
-0.11874	1.33884
-0.10818	1.33885
-0.09761	1.34112
-0.08704	1.34606
-0.07647	1.35342
-0.06591	1.36235
-0.05534	1.3726
-0.04477	1.38391
-0.0342	1.39601
-0.02364	1.40865
-0.01307	1.42159
-0.0025	1.43456
0.00807	1.44735
0.01863	1.45971
0.0292	1.47149
0.03977	1.48247
0.05034	1.49247
0.0609	1.50136
0.07147	1.50902
0.08204	1.51533
0.09261	1.52024
0.10317	1.5241
0.11374	1.52688
0.12431	1.52817
0.13488	1.52799
0.14544	1.5264
0.15601	1.52347
0.16658	1.52052
0.17715	1.51766
0.18771	1.51379
0.19828	1.50908
0.20885	1.5037
0.21942	1.49779
0.22998	1.49156
0.24055	1.48521
0.25112	1.47896
0.26169	1.47304
0.27225	1.46763
0.28282	1.46297
0.29339	1.45927
0.30396	1.45677
0.31452	1.4556
0.32509	1.45599
0.33566	1.4581
0.34623	1.46207
0.35679	1.46807
0.36736	1.47619
0.37793	1.48652
0.3885	1.49913
0.39906	1.51405
0.40963	1.53134
0.4202	1.55096
0.43076	1.57286
0.44133	1.597
0.4519	1.62328
0.46247	1.65161
0.47303	1.68185
0.4836	1.71387
0.49417	1.74748
0.50474	1.78313
0.5153	1.82062
0.52587	1.85914
0.53644	1.89844
0.54701	1.93831
0.55757	1.97854
0.56814	2.01889
0.57871	2.05936
0.58928	2.09974
0.59984	2.13963
0.61041	2.17885
0.62098	2.21726
0.63155	2.25468
0.64211	2.29101
0.65268	2.32613
0.66325	2.36005
0.67382	2.39263
0.68438	2.42387
0.69495	2.45442
0.70552	2.48488
0.71609	2.51474
0.72665	2.54342
0.73722	2.57102
0.74779	2.59766
0.75836	2.62409
0.76892	2.65046
0.77949	2.67632
0.79006	2.70184
0.80063	2.7272
0.81119	2.75321
0.82176	2.78004
0.83233	2.80726
0.8429	2.83508
0.85346	2.86366
0.86403	2.89316
0.8746	2.92372
0.88517	2.95548
0.89573	2.98855
0.9063	3.02305
0.91687	3.05905
0.92744	3.09661
0.938	3.13576
0.94857	3.17652
0.95914	3.21888
0.9697	3.26282
0.98027	3.30829
0.99084	3.35522
1.00141	3.40355
1.01197	3.45317
1.02254	3.50438
1.03311	3.55768
1.04368	3.61275
1.05424	3.66885
1.06481	3.72565
1.07538	3.783
1.08595	3.84078
1.09651	3.89893
1.10708	3.95733
1.11765	4.01591
1.12822	4.07521
1.13878	4.13519
1.14935	4.19541
1.15992	4.25587
1.17049	4.31636
1.18105	4.37752
1.19162	4.43958
1.20219	4.50197
1.21276	4.56454
1.22332	4.62855
1.23389	4.69406
1.24446	4.75989
1.25503	4.82607
1.26559	4.89262
1.27616	4.95957
1.28673	5.0269
1.2973	5.0946
1.30786	5.16259
1.31843	5.23083
1.329	5.29975
1.33957	5.36985
1.35013	5.4403
1.3607	5.51026
1.37127	5.57944
1.38184	5.64753
1.3924	5.71418
1.40297	5.77899
1.41354	5.84157
1.42411	5.90143
1.43467	5.95814
1.44524	6.01202
1.45581	6.06257
1.46638	6.1085
1.47694	6.14927
1.48751	6.1844
1.49808	6.21341
1.50865	6.23588
1.51921	6.2514
1.52978	6.25956
1.54035	6.26067
1.55091	6.25485
1.56148	6.24126
1.57205	6.21934
1.58262	6.19141
1.59318	6.15802
1.60375	6.11677
1.61432	6.06768
1.62489	6.01091
1.63545	5.94728
1.64602	5.87705
1.65659	5.79931
1.66716	5.71447
1.67772	5.62295
1.68829	5.5259
1.69886	5.42386
1.70943	5.31683
1.71999	5.20543
1.73056	5.0903
1.74113	4.97221
1.7517	4.8518
1.76226	4.7298
1.77283	4.60695
1.7834	4.48457
1.79397	4.36337
1.80453	4.24342
1.8151	4.12542
1.82567	4.00997
1.83624	3.89769
1.8468	3.78918
1.85737	3.68495
1.86794	3.58552
1.87851	3.49135
1.88907	3.40285
1.89964	3.3204
1.91021	3.24431
1.92078	3.17549
1.93134	3.11417
1.94191	3.05991
1.95248	3.01286
1.96305	2.97312
1.97361	2.94077
1.98418	2.91639
1.99475	2.89997
2.00532	2.89084
2.01588	2.88887
2.02645	2.89394
2.03702	2.90587
2.04759	2.92444
2.05815	2.94945
2.06872	2.98061
2.07929	3.01766
2.08985	3.06027
2.10042	3.10808
2.11099	3.16076
2.12156	3.21796
2.13212	3.27924
2.14269	3.34418
2.15326	3.41242
2.16383	3.48349
2.17439	3.55694
2.18496	3.63233
2.19553	3.7092
2.2061	3.7871
2.21666	3.86617
2.22723	3.94596
2.2378	4.02661
2.24837	4.10765
2.25893	4.18742
2.2695	4.2655
2.28007	4.34142
2.29064	4.41479
2.3012	4.48521
2.31177	4.55231
2.32234	4.61575
2.33291	4.67583
2.34347	4.73224
2.35404	4.78411
2.36461	4.83119
2.37518	4.87331
2.38574	4.91148
2.39631	4.94553
2.40688	4.97414
2.41745	4.9972
2.42801	5.01524
2.43858	5.02882
2.44915	5.03732
2.45972	5.04073
2.47028	5.03909
2.48085	5.03184
2.49142	5.01905
2.50199	5.00078
2.51255	4.97725
2.52312	4.94899
2.53369	4.91615
2.54426	4.87855
2.55482	4.83636
2.56539	4.79029
2.57596	4.74052
2.58653	4.68694
2.59709	4.62981
2.60766	4.56943
2.61823	4.5061
2.62879	4.44113
2.63936	4.37481
2.64993	4.30644
2.6605	4.23753
2.67106	4.16836
2.68163	4.098
2.6922	4.02672
2.70277	3.95475
2.71333	3.88238
2.7239	3.80982
2.73447	3.73792
2.74504	3.66686
2.7556	3.59624
2.76617	3.52621
2.77674	3.4569
2.78731	3.38845
2.79787	3.32096
2.80844	3.2545
2.81901	3.18915
2.82958	3.12494
2.84014	3.06187
2.85071	2.99999
2.86128	2.93927
2.87185	2.87968
2.88241	2.82117
2.89298	2.76412
2.90355	2.70845
2.91412	2.65371
2.92468	2.59983
2.93525	2.54674
2.94582	2.49437
2.95639	2.44268
2.96695	2.39161
2.97752	2.34114
2.98809	2.29125
2.99866	2.24253
3.00922	2.19561
3.01979	2.14989
3.03036	2.10479
3.04093	2.06097
3.05149	2.01849
3.06206	1.97682
3.07263	1.93605
3.0832	1.89628
3.09376	1.85763
3.10433	1.82023
3.1149	1.78423
3.12547	1.74975
3.13603	1.71694
3.1466	1.68596
3.15717	1.65692
3.16773	1.63001
3.1783	1.60531
3.18887	1.58293
3.19944	1.56296
3.21	1.54548
3.22057	1.53053
3.23114	1.51813
3.24171	1.50829
3.25227	1.50097
3.26284	1.49613
3.27341	1.49368
3.28398	1.49351
3.29454	1.49548
3.30511	1.4994
3.31568	1.50514
3.32625	1.51246
3.33681	1.52113
3.34738	1.53089
3.35795	1.5415
3.36852	1.55271
3.37908	1.56441
3.38965	1.57634
3.40022	1.58801
3.41079	1.59912
3.42135	1.60941
3.43192	1.61861
3.44249	1.62647
3.45306	1.63275
3.46362	1.63765
3.47419	1.64095
3.48476	1.64266
3.49533	1.64266
3.50589	1.64017
3.51646	1.63508
3.52703	1.62791
3.5376	1.6186
3.54816	1.60648
3.55873	1.59157
3.5693	1.57387
3.57987	1.55341
3.59043	1.53028
3.601	1.50455
3.61157	1.47633
3.62214	1.44576
3.6327	1.41297
3.64327	1.37815
3.65384	1.34145
3.66441	1.30309
3.67497	1.26326
3.68554	1.22278
3.69611	1.18185
3.70667	1.14007
3.71724	1.09766
3.72781	1.05481
3.73838	1.01173
3.74894	0.96863
3.75951	0.92569
3.77008	0.8831
3.78065	0.84106
3.79121	0.79972
3.80178	0.75925
3.81235	0.7198
3.82292	0.68152
3.83348	0.64454
3.84405	0.60898
3.85462	0.57494
3.86519	0.54252
3.87575	0.51181
3.88632	0.48288
3.89689	0.4558
3.90746	0.43061
3.91802	0.40735
3.92859	0.38607
3.93916	0.36678
3.94973	0.3495
3.96029	0.33421
3.97086	0.32093
3.98143	0.30964
3.992	0.3003
4.00256	0.29289
4.01313	0.28737
4.0237	0.2837
4.03427	0.28183
4.04483	0.2817
4.0554	0.28323
4.06597	0.28638
4.07654	0.29107
4.0871	0.2972
4.09767	0.3047
4.10824	0.31349
4.11881	0.32346
4.12937	0.33453
4.13994	0.34659
4.15051	0.35955
4.16108	0.3733
4.17164	0.38772
4.18221	0.40272
4.19278	0.4182
4.20335	0.43401
4.21391	0.45007
4.22448	0.46627
4.23505	0.48248
4.24561	0.4986
4.25618	0.51453
4.26675	0.53015
4.27732	0.54539
4.28788	0.56012
4.29845	0.57427
4.30902	0.58815
4.31959	0.60168
4.33015	0.61438
4.34072	0.62618
4.35129	0.637
4.36186	0.64681
4.37242	0.65555
4.38299	0.66319
4.39356	0.66972
4.40413	0.67512
4.41469	0.67941
4.42526	0.68259
4.43583	0.68469
4.4464	0.68574
4.45696	0.68583
4.46753	0.685
4.4781	0.68334
4.48867	0.68094
4.49923	0.67851
4.5098	0.67615
4.52037	0.67338
4.53094	0.67032
4.5415	0.6671
4.55207	0.66387
4.56264	0.66077
4.57321	0.65795
4.58377	0.65557
4.59434	0.65378
4.60491	0.65273
4.61548	0.65261
4.62604	0.65355
4.63661	0.6557
4.64718	0.6592
4.65775	0.6642
4.66831	0.67082
4.67888	0.67918
4.68945	0.68937
4.70002	0.70148
4.71058	0.71559
4.72115	0.73174
4.73172	0.74998
4.74229	0.77031
4.75285	0.79273
4.76342	0.81723
4.77399	0.84373
4.78455	0.87218
4.79512	0.90248
4.80569	0.93452
4.81626	0.96815
4.82682	1.00321
4.83739	1.03953
4.84796	1.07691
4.85853	1.11512
4.86909	1.15414
4.87966	1.19373
4.89023	1.2334
4.9008	1.2729
4.91136	1.31195
4.92193	1.35026
4.9325	1.38754
4.94307	1.42353
4.95363	1.45794
4.9642	1.4905
4.97477	1.52098
4.98534	1.54911
4.9959	1.57507
5.00647	1.59867
5.01704	1.61933
5.02761	1.63684
5.03817	1.6511
5.04874	1.662
5.05931	1.66946
5.06988	1.67404
5.08044	1.67573
5.09101	1.67393
5.10158	1.66868
5.11215	1.66068
5.12271	1.65001
5.13328	1.6362
5.14385	1.62001
5.15442	1.60162
5.16498	1.58061
5.17555	1.5572
5.18612	1.53164
5.19669	1.50416
5.20725	1.47504
5.21782	1.44454
5.22839	1.41294
5.23896	1.38055
5.24952	1.34762
5.26009	1.31446
5.27066	1.28132
5.28123	1.24846
5.29179	1.21614
5.30236	1.1846
5.31293	1.15406
5.32349	1.12471
5.33406	1.09675
5.34463	1.07034
5.3552	1.04562
5.36576	1.02271
5.37633	1.00173
5.3869	0.98274
5.39747	0.96581
5.40803	0.95098
5.4186	0.93827
5.42917	0.92771
5.43974	0.91929
5.4503	0.91298
5.46087	0.90877
5.47144	0.9066
5.48201	0.90645
5.49257	0.90845
5.50314	0.91256
5.51371	0.9185
5.52428	0.92621
5.53484	0.93564
5.54541	0.94669
5.55598	0.95932
5.56655	0.97345
5.57711	0.98902
5.58768	1.00596
5.59825	1.0248
5.60882	1.04549
5.61938	1.06732
5.62995	1.09023
5.64052	1.11412
5.65109	1.13892
5.66165	1.16453
5.67222	1.19086
5.68279	1.21781
5.69336	1.24528
5.70392	1.27316
5.71449	1.30133
5.72506	1.32967
5.73563	1.35806
5.74619	1.38636
5.75676	1.41446
5.76733	1.4422
5.7779	1.46944
5.78846	1.49606
5.79903	1.52191
5.8096	1.54686
5.82017	1.57077
5.83073	1.59353
5.8413	1.615
5.85187	1.63508
5.86243	1.65367
5.873	1.67068
5.88357	1.68604
5.89414	1.7003
5.9047	1.71339
5.91527	1.72466
5.92584	1.73412
5.93641	1.74297
5.94697	1.75117
5.95754	1.75752
5.96811	1.76204
5.97868	1.76477
5.98924	1.76574
5.99981	1.76502
6.01038	1.76267
6.02095	1.75877
6.03151	1.75339
6.04208	1.74665
6.05265	1.73862
6.06322	1.72939
6.07378	1.71908
6.08435	1.70777
6.09492	1.69556
6.10549	1.68254
6.11605	1.66879
6.12662	1.65438
6.13719	1.6394
6.14776	1.6239
6.15832	1.60794
6.16889	1.59156
6.17946	1.57541
6.19003	1.55952
6.20059	1.5433
6.21116	1.52675
6.22173	1.50987
6.2323	1.49267
6.24286	1.47514
6.25343	1.45727
6.264	1.43907
6.27457	1.42051
6.28513	1.40162
6.2957	1.38298
6.30627	1.3646
6.31684	1.34587
6.3274	1.32682
6.33797	1.30745
6.34854	1.28778
6.35911	1.26787
6.36967	1.24774
6.38024	1.22745
6.39081	1.20706
6.40137	1.18666
6.41194	1.1663
6.42251	1.1461
6.43308	1.12613
6.44364	1.1065
6.45421	1.08792
6.46478	1.07048
6.47535	1.05368
6.48591	1.03761
6.49648	1.02236
6.50705	1.00802
6.51762	0.99468
6.52818	0.98241
6.53875	0.97128
6.54932	0.96133
6.55989	0.9526
6.57045	0.94514
6.58102	0.93894
6.59159	0.93402
6.60216	0.93034
6.61272	0.9279
6.62329	0.92661
6.63386	0.92641
6.64443	0.92723
6.65499	0.92895
6.66556	0.93148
6.67613	0.93468
6.6867	0.93841
6.69726	0.94252
6.70783	0.94685
6.7184	0.95125
6.72897	0.95554
6.73953	0.95956
6.7501	0.96315
6.76067	0.96613
6.77124	0.96836
6.7818	0.96969
6.79237	0.96998
6.80294	0.96911
6.81351	0.96696
6.82407	0.96346
6.83464	0.95854
6.84521	0.95214
6.85578	0.94542
6.86634	0.93841
6.87691	0.92986
6.88748	0.91979
6.89805	0.90823
6.90861	0.89525
6.91918	0.88092
6.92975	0.86535
6.94031	0.84867
6.95088	0.83099
6.96145	0.81247
6.97202	0.79329
6.98258	0.77361
6.99315	0.75363
7.00372	0.73354
7.01429	0.71353
7.02485	0.6938
7.03542	0.67456
7.04599	0.65599
7.05656	0.6383
7.06712	0.62165
7.07769	0.60623
7.08826	0.59219
7.09883	0.57968
7.10939	0.56884
7.11996	0.55979
7.13053	0.55262
7.1411	0.54741
7.15166	0.54423
7.16223	0.54312
7.1728	0.5441
7.18337	0.54718
7.19393	0.55235
7.2045	0.55956
7.21507	0.56876
7.22564	0.5799
7.2362	0.59289
7.24677	0.60762
7.25734	0.62397
7.26791	0.64184
7.27847	0.66106
7.28904	0.68152
7.29961	0.70305
7.31018	0.7255
7.32074	0.7487
7.33131	0.77251
7.34188	0.79676
7.35245	0.82129
7.36301	0.84595
7.37358	0.87058
7.38415	0.89507
7.39472	0.91927
7.40528	0.94305
7.41585	0.96632
7.42642	0.98895
7.43699	1.01148
7.44755	1.03382
7.45812	1.05529
7.46869	1.07583
7.47925	1.0954
7.48982	1.11395
7.50039	1.13148
7.51096	1.14795
7.52152	1.16337
7.53209	1.17834
7.54266	1.19289
7.55323	1.20642
7.56379	1.21894
7.57436	1.23049
7.58493	1.24109
7.5955	1.25077
7.60606	1.25956
7.61663	1.26752
7.6272	1.27466
7.63777	1.28103
7.64833	1.28666
7.6589	1.29159
7.66947	1.29585
7.68004	1.29947
7.6906	1.30249
7.70117	1.30492
7.71174	1.3068
7.72231	1.30815
7.73287	1.30899
7.74344	1.30934
7.75401	1.30922
7.76458	1.30865
7.77514	1.30824
7.78571	1.30805
7.79628	1.30746
7.80685	1.30646
7.81741	1.30509
7.82798	1.30334
7.83855	1.30123
7.84912	1.29878
7.85968	1.29662
7.87025	1.29474
7.88082	1.29255
7.89139	1.29005
7.90195	1.28726
7.91252	1.28418
7.92309	1.28081
7.93366	1.27717
7.94422	1.27325
7.95479	1.26908
7.96536	1.26464
7.97593	1.25994
7.98649	1.25498
7.99706	1.24975
8.00763	1.24426
8.01819	1.23851
8.02876	1.23247
8.03933	1.22614
8.0499	1.21953
8.06046	1.21263
8.07103	1.20541
8.0816	1.19787
8.09217	1.19001
8.10273	1.18182
8.1133	1.17371
8.12387	1.16567
8.13444	1.15728
8.145	1.14856
8.15557	1.14011
8.16614	1.13193
8.17671	1.12343
8.18727	1.1146
8.19784	1.10547
8.20841	1.09605
8.21898	1.08641
8.22954	1.07652
8.24011	1.06645
8.25068	1.05625
8.26125	1.04597
8.27181	1.03568
8.28238	1.02543
8.29295	1.0153
8.30352	1.00538
8.31408	0.99574
8.32465	0.98648
8.33522	0.97768
8.34579	0.96947
8.35635	0.9619
8.36692	0.95512
8.37749	0.94921
8.38806	0.94428
8.39862	0.94044
8.40919	0.93779
8.41976	0.93704
8.43033	0.93828
8.44089	0.941
8.45146	0.94527
8.46203	0.95119
8.4726	0.9588
8.48316	0.96818
8.49373	0.97937
8.5043	0.99241
8.51487	1.00734
8.52543	1.02417
8.536	1.04292
8.54657	1.06356
8.55713	1.08609
8.5677	1.11046
8.57827	1.13663
8.58884	1.16454
8.5994	1.1941
8.60997	1.22522
8.62054	1.25779
8.63111	1.2917
8.64167	1.32682
8.65224	1.363
8.66281	1.40009
8.67338	1.43792
8.68394	1.47634
8.69451	1.51516
8.70508	1.55422
8.71565	1.59333
8.72621	1.63232
8.73678	1.671
8.74735	1.7092
8.75792	1.74676
8.76848	1.7835
8.77905	1.81986
8.78962	1.85632
8.80019	1.8921
8.81075	1.92644
8.82132	1.95922
8.83189	1.99029
8.84246	2.01955
8.85302	2.04688
8.86359	2.0722
8.87416	2.09542
8.88473	2.11689
8.89529	2.13653
8.90586	2.15389
8.91643	2.16892
8.927	2.18159
8.93756	2.19207
8.94813	2.20035
8.9587	2.20619
8.96927	2.20958
8.97983	2.21113
8.9904	2.21081
9.00097	2.20803
9.01154	2.20278
9.0221	2.19504
9.03267	2.18483
9.04324	2.17216
9.05381	2.15704
9.06437	2.13948
9.07494	2.11949
9.08551	2.09712
9.09607	2.0724
9.10664	2.04537
9.11721	2.01606
9.12778	1.98454
9.13834	1.95209
9.14891	1.91876
9.15948	1.88341
9.17005	1.84611
9.18061	1.80695
9.19118	1.76601
9.20175	1.7234
9.21232	1.67924
9.22288	1.63365
9.23345	1.58678
9.24402	1.53877
9.25459	1.48977
9.26515	1.44055
9.27572	1.39129
9.28629	1.34154
9.29686	1.29147
9.30742	1.24127
9.31799	1.1911
9.32856	1.14116
9.33913	1.09162
9.34969	1.04268
9.36026	0.99449
9.37083	0.94722
9.3814	0.90105
9.39196	0.85612
9.40253	0.81259
9.4131	0.77061
9.42367	0.7303
9.43423	0.69178
9.4448	0.65516
9.45537	0.62054
9.46594	0.58799
9.4765	0.55759
9.48707	0.52939
9.49764	0.50343
9.50821	0.47973
9.51877	0.45832
9.52934	0.43919
9.53991	0.42232
9.55048	0.4077
9.56104	0.39528
9.57161	0.385
9.58218	0.37682
9.59275	0.37066
9.60331	0.36644
9.61388	0.36407
9.62445	0.36346
9.63502	0.3645
9.64558	0.3671
9.65615	0.37113
9.66672	0.3765
9.67728	0.38309
9.68785	0.39079
9.69842	0.39948
9.70899	0.40909
9.71955	0.41948
9.73012	0.43057
9.74069	0.44226
9.75126	0.45448
9.76182	0.46715
9.77239	0.48021
9.78296	0.4936
9.79353	0.50728
9.80409	0.5212
9.81466	0.53539
9.82523	0.54978
9.8358	0.5644
9.84636	0.57925
9.85693	0.59434
9.8675	0.61032
9.87807	0.62722
9.88863	0.64445
9.8992	0.66203
9.90977	0.68004
9.92034	0.6985
9.9309	0.71744
9.94147	0.7369
9.95204	0.75693
9.96261	0.77754
9.97317	0.79877
9.98374	0.82062
9.99431	0.84311
10.00488	0.86623
10.01544	0.88995
10.02601	0.91427
10.03658	0.93913
10.04715	0.96448
10.05771	0.99024
10.06828	1.01637
10.07885	1.04275
10.08942	1.0693
10.09998	1.0959
10.11055	1.12244
10.12112	1.14879
10.13169	1.17485
10.14225	1.20046
10.15282	1.22552
10.16339	1.24991
10.17396	1.2735
10.18452	1.29619
10.19509	1.3179
10.20566	1.33852
10.21622	1.358
10.22679	1.37627
10.23736	1.39329
10.24793	1.40904
10.25849	1.42391
10.26906	1.43851
10.27963	1.45307
10.2902	1.467
10.30076	1.47971
10.31133	1.49127
10.3219	1.50171
10.33247	1.51111
10.34303	1.51955
10.3536	1.5271
10.36417	1.53386
10.37474	1.53991
10.3853	1.54536
10.39587	1.55025
10.40644	1.55469
10.41701	1.55875
10.42757	1.56249
10.43814	1.56595
10.44871	1.56918
10.45928	1.57221
10.46984	1.57504
10.48041	1.57768
10.49098	1.5801
10.50155	1.58228
10.51211	1.58418
10.52268	1.58574
10.53325	1.58689
10.54382	1.58757
10.55438	1.58771
10.56495	1.58721
10.57552	1.58599
10.58609	1.58398
10.59665	1.5811
10.60722	1.57727
10.61779	1.57243
10.62836	1.56773
10.63892	1.56312
10.64949	1.55734
10.66006	1.55035
10.67063	1.54212
10.68119	1.53265
10.69176	1.52197
10.70233	1.51008
10.7129	1.49703
10.72346	1.48288
10.73403	1.46831
10.7446	1.45341
10.75516	1.43766
10.76573	1.42114
10.7763	1.40399
10.78687	1.38628
10.79743	1.36818
10.808	1.34977
10.81857	1.3312
10.82914	1.31256
10.8397	1.29399
10.85027	1.27558
10.86084	1.25745
10.87141	1.2397
10.88197	1.2224
10.89254	1.20563
10.90311	1.18947
10.91368	1.17396
10.92424	1.15916
10.93481	1.14509
10.94538	1.13178
10.95595	1.11925
10.96651	1.10749
10.97708	1.0965
10.98765	1.08627
10.99822	1.07678
11.00878	1.06799
11.01935	1.06008
11.02992	1.05302
11.04049	1.04655
11.05105	1.04124
11.06162	1.03703
11.07219	1.03327
11.08276	1.0299
11.09332	1.02687
11.10389	1.02412
11.11446	1.02162
11.12503	1.0193
11.13559	1.01715
11.14616	1.01511
11.15673	1.01315
11.1673	1.01126
11.17786	1.00939
11.18843	1.00755
11.199	1.00571
11.20957	1.00388
11.22013	1.00204
11.2307	1.00019
11.24127	0.99833
11.25184	0.99646
11.2624	0.99461
11.27297	0.99276
11.28354	0.99094
11.2941	0.98916
11.30467	0.98804
11.31524	0.98759
11.32581	0.9872
11.33637	0.98689
11.34694	0.98667
11.35751	0.98651
11.36808	0.98644
11.37864	0.98645
11.38921	0.98653
11.39978	0.9867
11.41035	0.98693
11.42091	0.98742
11.43148	0.98817
11.44205	0.98894
11.45262	0.98971
11.46318	0.99047
11.47375	0.99117
11.48432	0.99178
11.49489	0.99228
11.50545	0.99261
11.51602	0.99274
11.52659	0.99263
11.53716	0.99221
11.54772	0.99142
11.55829	0.99026
11.56886	0.98866
11.57943	0.98655
11.58999	0.98388
11.60056	0.98063
11.61113	0.97732
11.6217	0.97392
11.63226	0.96979
11.64283	0.96487
11.6534	0.9591
11.66397	0.95249
11.67453	0.94498
11.6851	0.93658
11.69567	0.92727
11.70624	0.91706
11.7168	0.90596
11.72737	0.89399
11.73794	0.8812
11.74851	0.86763
11.75907	0.85333
11.76964	0.83838
11.78021	0.82286
11.79078	0.80745
11.80134	0.79225
11.81191	0.77676
11.82248	0.76107
11.83304	0.74531
11.84361	0.72958
11.85418	0.71401
11.86475	0.69873
11.87531	0.68386
11.88588	0.66954
11.89645	0.6559
11.90702	0.64308
11.91758	0.63122
11.92815	0.6204
11.93872	0.61077
11.94929	0.60245
11.95985	0.59554
11.97042	0.59014
11.98099	0.58636
11.99156	0.58427
12.00212	0.58394
12.01269	0.58545
12.02326	0.58885
12.03383	0.59416
12.04439	0.60144
12.05496	0.6107
12.06553	0.62193
12.0761	0.63516
12.08666	0.65035
12.09723	0.66749
12.1078	0.68655
12.11837	0.70747
12.12893	0.73022
12.1395	0.75472
12.15007	0.78091
12.16064	0.80871
12.1712	0.83805
12.18177	0.86885
12.19234	0.90098
12.20291	0.93437
12.21347	0.9689
12.22404	1.00446
12.23461	1.04095
12.24518	1.07826
12.25574	1.11625
12.26631	1.15542
12.27688	1.19562
12.28745	1.23613
12.29801	1.27681
12.30858	1.3175
12.31915	1.35807
12.32972	1.39838
12.34028	1.43828
12.35085	1.47785
12.36142	1.51694
12.37198	1.55521
12.38255	1.59252
12.39312	1.62875
12.40369	1.66377
12.41425	1.69747
12.42482	1.72972
12.43539	1.76042
12.44596	1.78949
12.45652	1.81683
12.46709	1.84236
12.47766	1.86602
12.48823	1.88775
12.49879	1.90752
12.50936	1.92528
12.51993	1.94163
12.5305	1.95654
12.54106	1.96943
12.55163	1.98087
12.5622	1.99151
12.57277	2.00074
12.58333	2.00797
12.5939	2.01321
12.60447	2.01652
12.61504	2.01793
12.6256	2.0175
12.63617	2.01528
12.64674	2.01134
12.65731	2.00574
12.66787	1.99857
12.67844	1.98991
12.68901	1.97983
12.69958	1.96843
12.71014	1.95577
12.72071	1.94198
12.73128	1.92712
12.74185	1.91129
12.75241	1.89457
12.76298	1.87726
12.77355	1.85944
12.78412	1.841
12.79468	1.82201
12.80525	1.80256
12.81582	1.78271
12.82639	1.76257
12.83695	1.74338
12.84752	1.72523
12.85809	1.70694
12.86866	1.68857
12.87922	1.67014
12.88979	1.65174
12.90036	1.63334
12.91092	1.61499
12.92149	1.59674
12.93206	1.5786
12.94263	1.5606
12.95319	1.54277
12.96376	1.52511
12.97433	1.50763
12.9849	1.49034
12.99546	1.47326
13.00603	1.45639
13.0166	1.43972
13.02717	1.42325
13.03773	1.40698
13.0483	1.3909
13.05887	1.37501
13.06944	1.35929
13.08	1.34374
13.09057	1.32836
13.10114	1.31375
13.11171	1.29989
13.12227	1.28617
13.13284	1.27259
13.14341	1.25915
13.15398	1.24585
13.16454	1.2327
13.17511	1.21972
13.18568	1.20693
13.19625	1.19437
13.20681	1.18207
13.21738	1.1707
13.22795	1.16029
13.23852	1.15029
13.24908	1.14075
13.25965	1.13175
13.27022	1.12335
13.28079	1.11562
13.29135	1.10866
13.30192	1.10253
13.31249	1.09734
13.32306	1.09315
13.33362	1.09008
13.34419	1.08819
13.35476	1.08759
13.36533	1.08835
13.37589	1.09056
13.38646	1.09429
13.39703	1.09961
13.4076	1.10659
13.41816	1.11526
13.42873	1.12569
13.4393	1.13787
13.44986	1.15186
13.46043	1.16765
13.471	1.18521
13.48157	1.20453
13.49213	1.22618
13.5027	1.25008
13.51327	1.27554
13.52384	1.30244
13.5344	1.33066
13.54497	1.36006
13.55554	1.39047
13.56611	1.42171
13.57667	1.45359
13.58724	1.48589
13.59781	1.51838
13.60838	1.55083
13.61894	1.58298
13.62951	1.61457
13.64008	1.64533
13.65065	1.67499
13.66121	1.70329
13.67178	1.72993
13.68235	1.75465
13.69292	1.77721
13.70348	1.79733
13.71405	1.81478
13.72462	1.82933
13.73519	1.84078
13.74575	1.84956
13.75632	1.85547
13.76689	1.85781
13.77746	1.85644
13.78802	1.85127
13.79859	1.84224
13.80916	1.83055
13.81973	1.81618
13.83029	1.79796
13.84086	1.77593
13.85143	1.75017
13.862	1.72082
13.87256	1.6886
13.88313	1.6537
13.8937	1.6157
13.90427	1.57481
13.91483	1.53126
13.9254	1.4853
13.93597	1.4372
13.94654	1.38724
13.9571	1.3357
13.96767	1.28287
13.97824	1.22904
13.9888	1.17451
13.99937	1.11957
14.00994	1.06448
14.02051	1.00952
14.03107	0.95496
14.04164	0.90103
14.05221	0.84796
14.06278	0.79596
14.07334	0.74521
14.08391	0.69589
14.09448	0.64815
14.10505	0.60211
14.11561	0.55788
14.12618	0.51555
14.13675	0.47517
14.14732	0.43682
14.15788	0.40052
14.16845	0.36626
14.17902	0.33405
14.18959	0.30387
14.20015	0.27569
14.21072	0.24947
14.22129	0.22514
14.23186	0.20265
14.24242	0.18192
14.25299	0.16288
14.26356	0.14545
14.27413	0.12954
14.28469	0.11507
14.29526	0.10194
14.30583	0.09007
14.3164	0.07938
14.32696	0.06977
14.33753	0.06117
14.3481	0.05349
14.35867	0.04666
14.36923	0.0406
14.3798	0.03524
14.39037	0.03052
14.40094	0.02638
14.4115	0.02275
14.42207	0.0196
14.43264	0.01687
14.44321	0.01451
14.45377	0.01249
14.46434	0.01076
14.47491	0.00931
14.48548	0.00809
14.49604	0.00709
14.50661	0.00627
14.51718	0.00564
14.52774	0.00516
14.53831	0.00482
14.54888	0.00462
14.55945	0.00454
14.57001	0.00458
14.58058	0.00473
14.59115	0.00499
14.60172	0.00536
14.61228	0.00584
14.62285	0.00644
14.63342	0.00714
14.64399	0.00796
14.65455	0.00891
14.66512	0.00996
14.67569	0.01117
14.68626	0.0125
14.69682	0.01399
14.70739	0.01562
14.71796	0.0174
14.72853	0.01933
14.73909	0.02145
14.74966	0.02374
14.76023	0.0262
14.7708	0.02884
14.78136	0.03167
14.79193	0.03466
14.8025	0.03784
14.81307	0.04121
14.82363	0.04474
14.8342	0.04845
14.84477	0.05232
14.85534	0.05633
14.8659	0.06049
14.87647	0.06477
14.88704	0.06916
14.89761	0.07365
14.90817	0.0782
14.91874	0.08281
14.92931	0.08744
14.93988	0.09208
14.95044	0.09669
14.96101	0.10125
14.97158	0.10572
14.98215	0.11009
14.99271	0.11432
15.00328	0.11838
15.01385	0.12224
15.02442	0.12588
15.03498	0.12926
15.04555	0.13237
15.05612	0.13517
15.06668	0.13764
15.07725	0.13977
15.08782	0.14154
15.09839	0.14293
15.10895	0.14393
15.11952	0.14453
15.13009	0.14473
15.14066	0.14473
15.15122	0.14453
15.16179	0.14393
15.17236	0.14293
15.18293	0.14154
15.19349	0.13977
15.20406	0.13764
15.21463	0.13517
15.2252	0.13237
15.23576	0.12926
15.24633	0.12588
15.2569	0.12224
15.26747	0.11838
15.27803	0.11432
15.2886	0.11009
15.29917	0.10572
15.30974	0.10125
15.3203	0.09669
15.33087	0.09208
15.34144	0.08744
15.35201	0.08281
15.36257	0.0782
15.37314	0.07365
15.38371	0.06916
15.39428	0.06477
15.40484	0.06049
15.41541	0.05633
15.42598	0.05232
15.43655	0.04845
15.44711	0.04474
15.45768	0.04121
15.46825	0.03784
15.47882	0.03466
15.48938	0.03165
15.49995	0.02883
15.51052	0.02618
15.52109	0.02371
15.53165	0.02141
15.54222	0.01928
15.55279	0.01732
15.56336	0.01551
15.57392	0.01385
15.58449	0.01234
15.59506	0.01096
15.60562	0.0097
15.61619	0.00857
15.62676	0.00755
15.63733	0.00663
15.64789	0.00581
15.65846	0.00507
15.66903	0.00442
15.6796	0.00384
15.69016	0.00332
15.70073	0.00287
15.7113	0.00247
15.72187	0.00212
15.73243	0.00182
15.743	0.00155
15.75357	0.00132
15.76414	0.00112
15.7747	9.50952E-4
15.78527	8.03166E-4
15.79584	6.76456E-4
15.80641	5.68147E-4
15.81697	4.7585E-4
15.82754	3.97436E-4
15.83811	3.31018E-4
15.84868	2.74931E-4
15.85924	2.2771E-4
15.86981	1.88074E-4
15.88038	1.54905E-4
15.89095	1.27229E-4
15.90151	1.04207E-4
15.91208	8.51125E-5
17.13791	0
