-57.73879	0
-57.72822	0
-56.64987	1.27167E-4
-56.6393	1.61484E-4
-56.62873	2.04489E-4
-56.61815	2.58225E-4
-56.60758	3.25172E-4
-56.59701	4.08333E-4
-56.58644	5.1133E-4
-56.57587	6.38521E-4
-56.56529	7.95125E-4
-56.55472	9.87375E-4
-56.54415	0.00122
-56.53358	0.00151
-56.52301	0.00186
-56.51243	0.00228
-56.50186	0.0028
-56.49129	0.00341
-56.48072	0.00416
-56.47015	0.00505
-56.45957	0.00611
-56.449	0.00738
-56.43843	0.00889
-56.42786	0.01068
-56.41729	0.01278
-56.40671	0.01527
-56.39614	0.01818
-56.38557	0.02159
-56.375	0.02556
-56.36443	0.03019
-56.35385	0.03555
-56.34328	0.04174
-56.33271	0.04888
-56.32214	0.05708
-56.31157	0.06647
-56.30099	0.07719
-56.29042	0.08938
-56.27985	0.10322
-56.26928	0.11886
-56.2587	0.13649
-56.24813	0.1563
-56.23756	0.17849
-56.22699	0.20325
-56.21642	0.23081
-56.20584	0.26137
-56.19527	0.29515
-56.1847	0.33236
-56.17413	0.37323
-56.16356	0.41794
-56.15298	0.46672
-56.14241	0.51972
-56.13184	0.57714
-56.12127	0.6391
-56.1107	0.70575
-56.10012	0.77717
-56.08955	0.85343
-56.07898	0.93456
-56.06841	1.02055
-56.05784	1.11134
-56.04726	1.20683
-56.03669	1.30686
-56.02612	1.41124
-56.01555	1.5197
-56.00498	1.63194
-55.9944	1.74757
-55.98383	1.86617
-55.97326	1.98726
-55.96269	2.11031
-55.95212	2.23472
-55.94154	2.35986
-55.93097	2.48505
-55.9204	2.60959
-55.90983	2.73272
-55.89926	2.85368
-55.88868	2.97167
-55.87811	3.08591
-55.86754	3.19559
-55.85697	3.29995
-55.8464	3.3982
-55.83582	3.48961
-55.82525	3.57348
-55.81468	3.64916
-55.80411	3.71604
-55.79353	3.77359
-55.78296	3.82134
-55.77239	3.8589
-55.76182	3.88595
-55.75125	3.90227
-55.74067	3.90773
-55.7301	3.90773
-55.71953	3.90227
-55.70896	3.88595
-55.69839	3.8589
-55.68781	3.82134
-55.67724	3.77359
-55.66667	3.71604
-55.6561	3.64916
-55.64553	3.57348
-55.63495	3.48961
-55.62438	3.3982
-55.61381	3.29995
-55.60324	3.19559
-55.59267	3.08591
-55.58209	2.97167
-55.57152	2.85368
-55.56095	2.73272
-55.55038	2.60959
-55.53981	2.48505
-55.52923	2.35986
-55.51866	2.23472
-55.50809	2.11031
-55.49752	1.98726
-55.48695	1.86617
-55.47637	1.74757
-55.4658	1.63194
-55.45523	1.5197
-55.44466	1.41124
-55.43409	1.30686
-55.42351	1.20683
-55.41294	1.11134
-55.40237	1.02055
-55.3918	0.93456
-55.38123	0.85343
-55.37065	0.77717
-55.36008	0.70575
-55.34951	0.6391
-55.33894	0.57714
-55.32837	0.51972
-55.31779	0.46672
-55.30722	0.41794
-55.29665	0.37323
-55.28608	0.33236
-55.2755	0.29515
-55.26493	0.26137
-55.25436	0.23081
-55.24379	0.20325
-55.23322	0.17849
-55.22264	0.1563
-55.21207	0.13649
-55.2015	0.11886
-55.19093	0.10322
-55.18036	0.08938
-55.16978	0.07719
-55.15921	0.06647
-55.14864	0.05708
-55.13807	0.04888
-55.1275	0.04174
-55.11692	0.03555
-55.10635	0.03019
-55.09578	0.02556
-55.08521	0.02159
-55.07464	0.01818
-55.06406	0.01527
-55.05349	0.01278
-55.04292	0.01068
-55.03235	0.00889
-55.02178	0.00738
-55.0112	0.00611
-55.00063	0.00505
-54.99006	0.00416
-54.97949	0.00341
-54.96892	0.0028
-54.95834	0.00228
-54.94777	0.00186
-54.9372	0.00151
-54.92663	0.00122
-54.91606	9.87375E-4
-54.90548	7.95125E-4
-54.89491	6.38521E-4
-54.88434	5.1133E-4
-54.87377	4.08333E-4
-54.8632	3.25172E-4
-54.85262	2.58225E-4
-54.84205	2.04489E-4
-54.83148	1.61484E-4
-54.82091	1.27167E-4
-54.81033	0
-32.68304	1.33896E-4
-32.67247	2.87586E-4
-32.6619	4.49128E-4
-32.65133	6.24494E-4
-32.64076	7.88043E-4
-32.63018	9.91661E-4
-32.61961	0.00124
-32.60904	0.00156
-32.59847	0.00194
-32.5879	0.00242
-32.57732	0.003
-32.56675	0.00371
-32.55618	0.00458
-32.54561	0.00564
-32.53504	0.00692
-32.52446	0.00847
-32.51389	0.01034
-32.50332	0.01258
-32.49275	0.01527
-32.48218	0.01849
-32.4716	0.02231
-32.46103	0.02685
-32.45046	0.03223
-32.43989	0.03858
-32.42932	0.04604
-32.41874	0.0548
-32.40817	0.06505
-32.3976	0.077
-32.38703	0.09088
-32.37646	0.10698
-32.36588	0.12557
-32.35531	0.14699
-32.34474	0.17157
-32.33417	0.19972
-32.3236	0.23184
-32.31302	0.26838
-32.30245	0.3098
-32.29188	0.35664
-32.28131	0.40941
-32.27073	0.46868
-32.26016	0.53504
-32.24959	0.6091
-32.23902	0.69148
-32.22845	0.78283
-32.21787	0.88378
-32.2073	0.99498
-32.19673	1.11705
-32.18616	1.25062
-32.17559	1.39626
-32.16501	1.55454
-32.15444	1.72595
-32.14387	1.91093
-32.1333	2.10985
-32.12273	2.32302
-32.11215	2.55061
-32.10158	2.79271
-32.09101	3.0493
-32.08044	3.32022
-32.06987	3.60515
-32.05929	3.90366
-32.04872	4.21514
-32.03815	4.53882
-32.02758	4.87378
-32.01701	5.21892
-32.00643	5.57296
-31.99586	5.93449
-31.98529	6.3019
-31.97472	6.67347
-31.96415	7.04731
-31.95357	7.42141
-31.943	7.79364
-31.93243	8.16181
-31.92186	8.52361
-31.91129	8.87671
-31.90071	9.21876
-31.89014	9.54737
-31.87957	9.86023
-31.869	10.15503
-31.85843	10.42959
-31.84785	10.6818
-31.83728	10.90971
-31.82671	11.11152
-31.81614	11.28561
-31.80556	11.43058
-31.79499	11.54523
-31.78442	11.62863
-31.77385	11.68191
-31.76328	11.70804
-31.7527	11.71006
-31.74213	11.68814
-31.73156	11.63984
-31.72099	11.56192
-31.71042	11.45262
-31.69984	11.31282
-31.68927	11.14367
-31.6787	10.94655
-31.66813	10.72303
-31.65756	10.47488
-31.64698	10.20404
-31.63641	9.91259
-31.62584	9.60269
-31.61527	9.27664
-31.6047	8.93675
-31.59412	8.58538
-31.58355	8.22492
-31.57298	7.85768
-31.56241	7.48599
-31.55184	7.11206
-31.54126	6.73802
-31.53069	6.36592
-31.52012	5.99766
-31.50955	5.63499
-31.49898	5.27954
-31.4884	4.93277
-31.47783	4.59596
-31.46726	4.27026
-31.45669	3.9566
-31.44612	3.6558
-31.43554	3.36848
-31.42497	3.09512
-31.4144	2.83603
-31.40383	2.59142
-31.39326	2.36132
-31.38268	2.14567
-31.37211	1.9443
-31.36154	1.75693
-31.35097	1.5832
-31.34039	1.42269
-31.32982	1.2749
-31.31925	1.13928
-31.30868	1.01527
-31.29811	0.90223
-31.28753	0.79956
-31.27696	0.7066
-31.26639	0.62271
-31.25582	0.54726
-31.24525	0.47961
-31.23467	0.41916
-31.2241	0.3653
-31.21353	0.31749
-31.20296	0.27516
-31.19239	0.23781
-31.18181	0.20497
-31.17124	0.17616
-31.16067	0.15099
-31.1501	0.12905
-31.13953	0.11
-31.12895	0.09349
-31.11838	0.07924
-31.10781	0.06698
-31.09724	0.05646
-31.08667	0.04746
-31.07609	0.03978
-31.06552	0.03325
-31.05495	0.02772
-31.04438	0.02304
-31.03381	0.0191
-31.02323	0.01579
-31.01266	0.01301
-31.00209	0.0107
-30.99152	0.00877
-30.98095	0.00717
-30.97037	0.00584
-30.9598	0.00475
-30.94923	0.00385
-30.93866	0.00311
-30.92809	0.00251
-30.91751	0.00202
-30.90694	0.00162
-30.89637	0.00129
-30.8858	0.00103
-30.87522	8.19941E-4
-30.86465	6.50077E-4
-30.85408	4.80684E-4
-30.84351	3.16288E-4
-30.83294	1.56549E-4
-30.82236	5.65187E-5
-9.65713	1.0355E-4
-9.64656	1.26449E-4
-9.63599	1.53981E-4
-9.62541	1.86985E-4
-9.61484	2.26429E-4
-9.60427	2.73428E-4
-9.5937	3.29262E-4
-9.58313	3.95391E-4
-9.57255	4.73476E-4
-9.56198	5.654E-4
-9.55141	6.73286E-4
-9.54084	7.99522E-4
-9.53027	9.46777E-4
-9.51969	0.00112
-9.50912	0.00132
-9.49855	0.00155
-9.48798	0.00181
-9.47741	0.00211
-9.46683	0.00246
-9.45626	0.00286
-9.44569	0.00331
-9.43512	0.00382
-9.42455	0.0044
-9.41397	0.00506
-9.4034	0.00579
-9.39283	0.00661
-9.38226	0.00753
-9.37169	0.00855
-9.36111	0.00968
-9.35054	0.01093
-9.33997	0.01231
-9.3294	0.01382
-9.31883	0.01548
-9.30825	0.01729
-9.29768	0.01925
-9.28711	0.02138
-9.27654	0.02367
-9.26596	0.02614
-9.25539	0.02878
-9.24482	0.03161
-9.23425	0.03461
-9.22368	0.0378
-9.2131	0.04116
-9.20253	0.0447
-9.19196	0.0484
-9.18139	0.05227
-9.17082	0.05629
-9.16024	0.06044
-9.14967	0.06474
-9.1391	0.06914
-9.12853	0.07363
-9.11796	0.07819
-9.10738	0.0828
-9.09681	0.08745
-9.08624	0.0921
-9.07567	0.09672
-9.0651	0.1013
-9.05452	0.1058
-9.04395	0.1102
-9.03338	0.11446
-9.02281	0.11856
-9.01224	0.12247
-9.00166	0.12617
-8.99109	0.12962
-8.98052	0.13281
-8.96995	0.13572
-8.95938	0.13831
-8.9488	0.14058
-8.93823	0.14252
-8.92766	0.14411
-8.91709	0.14534
-8.90652	0.14622
-8.89594	0.14675
-8.88537	0.14713
-8.8748	0.14737
-8.86423	0.14728
-8.85366	0.14687
-8.84308	0.14617
-8.83251	0.14519
-8.82194	0.14397
-8.81137	0.14254
-8.8008	0.14093
-8.79022	0.13918
-8.77965	0.13733
-8.76908	0.13543
-8.75851	0.13352
-8.74793	0.13166
-8.73736	0.12989
-8.72679	0.12828
-8.71622	0.12686
-8.70565	0.12569
-8.69507	0.12483
-8.6845	0.12433
-8.67393	0.12424
-8.66336	0.1246
-8.65279	0.12546
-8.64221	0.12686
-8.63164	0.12885
-8.62107	0.13145
-8.6105	0.1347
-8.59993	0.13862
-8.58935	0.14323
-8.57878	0.14854
-8.56821	0.15457
-8.55764	0.1613
-8.54707	0.16873
-8.53649	0.17684
-8.52592	0.18562
-8.51535	0.19504
-8.50478	0.20505
-8.49421	0.21562
-8.48363	0.22669
-8.47306	0.2382
-8.46249	0.25009
-8.45192	0.26229
-8.44135	0.27472
-8.43077	0.2873
-8.4202	0.29995
-8.40963	0.31256
-8.39906	0.32506
-8.38849	0.33736
-8.37791	0.34935
-8.36734	0.36094
-8.35677	0.37205
-8.3462	0.38259
-8.33563	0.39247
-8.32505	0.40161
-8.31448	0.40994
-8.30391	0.41741
-8.29334	0.42394
-8.28276	0.42949
-8.27219	0.43403
-8.26162	0.43753
-8.25105	0.43996
-8.24048	0.44133
-8.2299	0.44225
-8.21933	0.44273
-8.20876	0.44218
-8.19819	0.44063
-8.18762	0.43813
-8.17704	0.43473
-8.16647	0.43049
-8.1559	0.42549
-8.14533	0.4198
-8.13476	0.41351
-8.12418	0.40673
-8.11361	0.39955
-8.10304	0.39208
-8.09247	0.38442
-8.0819	0.37669
-8.07132	0.369
-8.06075	0.36145
-8.05018	0.35415
-8.03961	0.3472
-8.02904	0.34071
-8.01846	0.33477
-8.00789	0.32944
-7.99732	0.3248
-7.98675	0.32094
-7.97618	0.31788
-7.9656	0.31569
-7.95503	0.31439
-7.94446	0.31401
-7.93389	0.31455
-7.92332	0.316
-7.91274	0.31836
-7.90217	0.32159
-7.8916	0.32565
-7.88103	0.3305
-7.87046	0.33608
-7.85988	0.34232
-7.84931	0.34914
-7.83874	0.35645
-7.82817	0.36418
-7.81759	0.37221
-7.80702	0.38047
-7.79645	0.38884
-7.78588	0.39724
-7.77531	0.40555
-7.76473	0.41369
-7.75416	0.42157
-7.74359	0.42909
-7.73302	0.43618
-7.72245	0.44276
-7.71187	0.44877
-7.7013	0.45416
-7.69073	0.45889
-7.68016	0.46291
-7.66959	0.46622
-7.65901	0.46879
-7.64844	0.47125
-7.63787	0.4736
-7.6273	0.47525
-7.61673	0.47622
-7.60615	0.47656
-7.59558	0.47632
-7.58501	0.47555
-7.57444	0.47435
-7.56387	0.47274
-7.55329	0.47083
-7.54272	0.46869
-7.53215	0.46643
-7.52158	0.46412
-7.51101	0.46186
-7.50043	0.45974
-7.48986	0.45786
-7.47929	0.45627
-7.46872	0.45507
-7.45815	0.45433
-7.44757	0.45411
-7.437	0.45446
-7.42643	0.45543
-7.41586	0.45706
-7.40529	0.45936
-7.39471	0.46236
-7.38414	0.46605
-7.37357	0.47041
-7.363	0.47545
-7.35242	0.48111
-7.34185	0.48736
-7.33128	0.49416
-7.32071	0.50144
-7.31014	0.50912
-7.29956	0.51717
-7.28899	0.52549
-7.27842	0.53402
-7.26785	0.54266
-7.25728	0.55137
-7.2467	0.56004
-7.23613	0.56881
-7.22556	0.57762
-7.21499	0.58621
-7.20442	0.59452
-7.19384	0.60251
-7.18327	0.61015
-7.1727	0.61743
-7.16213	0.62433
-7.15156	0.63087
-7.14098	0.63707
-7.13041	0.64296
-7.11984	0.64861
-7.10927	0.65406
-7.0987	0.66001
-7.08812	0.66655
-7.07755	0.67316
-7.06698	0.67994
-7.05641	0.68701
-7.04584	0.69448
-7.03526	0.70248
-7.02469	0.71114
-7.01412	0.72059
-7.00355	0.73095
-6.99298	0.74235
-6.9824	0.75491
-6.97183	0.76874
-6.96126	0.78395
-6.95069	0.80062
-6.94012	0.81883
-6.92954	0.83864
-6.91897	0.8601
-6.9084	0.88322
-6.89783	0.90801
-6.88725	0.93446
-6.87668	0.96251
-6.86611	0.99212
-6.85554	1.0232
-6.84497	1.05566
-6.83439	1.08938
-6.82382	1.12418
-6.81325	1.15994
-6.80268	1.19648
-6.79211	1.23359
-6.78153	1.2711
-6.77096	1.30878
-6.76039	1.34644
-6.74982	1.38384
-6.73925	1.42078
-6.72867	1.45702
-6.7181	1.49239
-6.70753	1.52668
-6.69696	1.55967
-6.68639	1.59119
-6.67581	1.62109
-6.66524	1.6492
-6.65467	1.67662
-6.6441	1.70322
-6.63353	1.72767
-6.62295	1.74989
-6.61238	1.76981
-6.60181	1.78739
-6.59124	1.8026
-6.58067	1.81545
-6.57009	1.82658
-6.55952	1.83601
-6.54895	1.8432
-6.53838	1.84822
-6.52781	1.85138
-6.51723	1.85279
-6.50666	1.85238
-6.49609	1.85027
-6.48552	1.84663
-6.47495	1.84163
-6.46437	1.83543
-6.4538	1.82823
-6.44323	1.82024
-6.43266	1.81163
-6.42208	1.80262
-6.41151	1.79342
-6.40094	1.78424
-6.39037	1.77531
-6.3798	1.76684
-6.36922	1.75905
-6.35865	1.75215
-6.34808	1.74634
-6.33751	1.74287
-6.32694	1.74193
-6.31636	1.74266
-6.30579	1.74527
-6.29522	1.74991
-6.28465	1.75675
-6.27408	1.76593
-6.2635	1.77759
-6.25293	1.79186
-6.24236	1.80885
-6.23179	1.82865
-6.22122	1.85136
-6.21064	1.87705
-6.20007	1.90572
-6.1895	1.93743
-6.17893	1.97217
-6.16836	2.00994
-6.15778	2.05112
-6.14721	2.0956
-6.13664	2.14293
-6.12607	2.19299
-6.1155	2.24564
-6.10492	2.30074
-6.09435	2.35812
-6.08378	2.4176
-6.07321	2.47897
-6.06264	2.54203
-6.05206	2.60655
-6.04149	2.6723
-6.03092	2.73905
-6.02035	2.80656
-6.00978	2.8746
-5.9992	2.94311
-5.98863	3.0119
-5.97806	3.0805
-5.96749	3.14871
-5.95691	3.21634
-5.94634	3.2832
-5.93577	3.34912
-5.9252	3.41459
-5.91463	3.48065
-5.90405	3.54656
-5.89348	3.611
-5.88291	3.67448
-5.87234	3.73693
-5.86177	3.79766
-5.85119	3.85665
-5.84062	3.91385
-5.83005	3.96928
-5.81948	4.02293
-5.80891	4.07484
-5.79833	4.12504
-5.78776	4.17419
-5.77719	4.22236
-5.76662	4.26897
-5.75605	4.31411
-5.74547	4.35782
-5.7349	4.40076
-5.72433	4.44303
-5.71376	4.48406
-5.70319	4.52409
-5.69261	4.56319
-5.68204	4.60115
-5.67147	4.63802
-5.6609	4.67384
-5.65033	4.70918
-5.63975	4.7441
-5.62918	4.77796
-5.61861	4.81077
-5.60804	4.84249
-5.59747	4.87311
-5.58689	4.90322
-5.57632	4.93279
-5.56575	4.9614
-5.55518	4.98936
-5.54461	5.01647
-5.53403	5.04228
-5.52346	5.06793
-5.51289	5.0934
-5.50232	5.11743
-5.49174	5.13994
-5.48117	5.16091
-5.4706	5.1803
-5.46003	5.19808
-5.44946	5.21484
-5.43888	5.23055
-5.42831	5.24461
-5.41774	5.25698
-5.40717	5.26872
-5.3966	5.2798
-5.38602	5.28923
-5.37545	5.29702
-5.36488	5.30318
-5.35431	5.30775
-5.34374	5.31076
-5.33316	5.3123
-5.32259	5.31237
-5.31202	5.31107
-5.30145	5.30846
-5.29088	5.30584
-5.2803	5.30329
-5.26973	5.29968
-5.25916	5.2957
-5.24859	5.29142
-5.23802	5.28694
-5.22744	5.28235
-5.21687	5.27734
-5.2063	5.2726
-5.19573	5.26803
-5.18516	5.26308
-5.17458	5.25787
-5.16401	5.25249
-5.15344	5.24703
-5.14287	5.24163
-5.1323	5.23633
-5.12172	5.23123
-5.11115	5.22643
-5.10058	5.22202
-5.09001	5.21869
-5.07944	5.21649
-5.06886	5.21549
-5.05829	5.21573
-5.04772	5.21661
-5.03715	5.21815
-5.02657	5.22033
-5.016	5.22314
-5.00543	5.22773
-4.99486	5.23467
-4.98429	5.2427
-4.97371	5.25103
-4.96314	5.25954
-4.95257	5.2681
-4.942	5.27655
-4.93143	5.28473
-4.92085	5.29245
-4.91028	5.29952
-4.89971	5.30577
-4.88914	5.31098
-4.87857	5.31497
-4.86799	5.31753
-4.85742	5.3191
-4.84685	5.31948
-4.83628	5.3185
-4.82571	5.31596
-4.81513	5.3111
-4.80456	5.30378
-4.79399	5.29388
-4.78342	5.28129
-4.77285	5.26718
-4.76227	5.25146
-4.7517	5.23352
-4.74113	5.21394
-4.73056	5.19214
-4.71999	5.16755
-4.70941	5.14026
-4.69884	5.11038
-4.68827	5.07804
-4.6777	5.04343
-4.66713	5.00675
-4.65655	4.96823
-4.64598	4.92935
-4.63541	4.89037
-4.62484	4.85035
-4.61427	4.81018
-4.60369	4.77014
-4.59312	4.72997
-4.58255	4.69056
-4.57198	4.65216
-4.5614	4.61446
-4.55083	4.57774
-4.54026	4.54224
-4.52969	4.5082
-4.51912	4.47587
-4.50854	4.44541
-4.49797	4.41702
-4.4874	4.39079
-4.47683	4.3669
-4.46626	4.3454
-4.45568	4.32635
-4.44511	4.30979
-4.43454	4.29569
-4.42397	4.284
-4.4134	4.27588
-4.40282	4.27125
-4.39225	4.26893
-4.38168	4.26878
-4.37111	4.27038
-4.36054	4.27361
-4.34996	4.27823
-4.33939	4.28401
-4.32882	4.29076
-4.31825	4.29826
-4.30768	4.30632
-4.2971	4.3147
-4.28653	4.32323
-4.27596	4.33235
-4.26539	4.34188
-4.25482	4.35107
-4.24424	4.3598
-4.23367	4.36796
-4.2231	4.37728
-4.21253	4.38811
-4.20196	4.39856
-4.19138	4.4082
-4.18081	4.41699
-4.17024	4.42495
-4.15967	4.43215
-4.1491	4.43862
-4.13852	4.44447
-4.12795	4.44977
-4.11738	4.45465
-4.10681	4.45925
-4.09623	4.46372
-4.08566	4.46818
-4.07509	4.47281
-4.06452	4.479
-4.05395	4.48749
-4.04337	4.49719
-4.0328	4.50761
-4.02223	4.51887
-4.01166	4.53106
-4.00109	4.54428
-3.99051	4.55857
-3.97994	4.57401
-3.96937	4.59066
-3.9588	4.60849
-3.94823	4.62752
-3.93765	4.64774
-3.92708	4.66914
-3.91651	4.69225
-3.90594	4.71702
-3.89537	4.74275
-3.88479	4.76934
-3.87422	4.79665
-3.86365	4.82457
-3.85308	4.85356
-3.84251	4.8835
-3.83193	4.9142
-3.82136	4.94551
-3.81079	4.97727
-3.80022	5.0093
-3.78965	5.04081
-3.77907	5.07164
-3.7685	5.10162
-3.75793	5.1306
-3.74736	5.15906
-3.73679	5.18685
-3.72621	5.21323
-3.71564	5.23875
-3.70507	5.2633
-3.6945	5.28616
-3.68393	5.3073
-3.67335	5.32666
-3.66278	5.34542
-3.65221	5.36358
-3.64164	5.37991
-3.63107	5.39442
-3.62049	5.40715
-3.60992	5.41814
-3.59935	5.42745
-3.58878	5.43513
-3.5782	5.44189
-3.56763	5.44783
-3.55706	5.45244
-3.54649	5.45584
-3.53592	5.45814
-3.52534	5.46067
-3.51477	5.46418
-3.5042	5.46752
-3.49363	5.4702
-3.48306	5.47293
-3.47248	5.4758
-3.46191	5.47829
-3.45134	5.48046
-3.44077	5.4824
-3.4302	5.48416
-3.41962	5.48579
-3.40905	5.48735
-3.39848	5.48889
-3.38791	5.49104
-3.37734	5.49382
-3.36676	5.49662
-3.35619	5.49946
-3.34562	5.50232
-3.33505	5.50516
-3.32448	5.50798
-3.3139	5.51133
-3.30333	5.51517
-3.29276	5.51949
-3.28219	5.5242
-3.27162	5.52923
-3.26104	5.53451
-3.25047	5.53937
-3.2399	5.54372
-3.22933	5.54812
-3.21876	5.55311
-3.20818	5.558
-3.19761	5.56214
-3.18704	5.5655
-3.17647	5.56862
-3.1659	5.57148
-3.15532	5.57346
-3.14475	5.57456
-3.13418	5.57482
-3.12361	5.57429
-3.11303	5.573
-3.10246	5.57106
-3.09189	5.56854
-3.08132	5.56621
-3.07075	5.56415
-3.06017	5.56195
-3.0496	5.56094
-3.03903	5.5613
-3.02846	5.56201
-3.01789	5.56324
-3.00731	5.56514
-2.99674	5.56853
-2.98617	5.57363
-2.9756	5.58019
-2.96503	5.58922
-2.95445	5.60068
-2.94388	5.61392
-2.93331	5.62968
-2.92274	5.64811
-2.91217	5.66869
-2.90159	5.69153
-2.89102	5.71667
-2.88045	5.74421
-2.86988	5.77413
-2.85931	5.80642
-2.84873	5.84107
-2.83816	5.87803
-2.82759	5.91761
-2.81702	5.9597
-2.80645	6.00377
-2.79587	6.04963
-2.7853	6.09773
-2.77473	6.14805
-2.76416	6.19973
-2.75359	6.25231
-2.74301	6.30551
-2.73244	6.3591
-2.72187	6.41276
-2.7113	6.4662
-2.70073	6.51974
-2.69015	6.57368
-2.67958	6.62835
-2.66901	6.68284
-2.65844	6.73562
-2.64786	6.78646
-2.63729	6.8351
-2.62672	6.88167
-2.61615	6.92597
-2.60558	6.96741
-2.595	7.00644
-2.58443	7.04293
-2.57386	7.07676
-2.56329	7.10782
-2.55272	7.13548
-2.54214	7.1603
-2.53157	7.18266
-2.521	7.20255
-2.51043	7.2196
-2.49986	7.23323
-2.48928	7.2435
-2.47871	7.25108
-2.46814	7.25605
-2.45757	7.25789
-2.447	7.25671
-2.43642	7.25381
-2.42585	7.2493
-2.41528	7.24203
-2.40471	7.23211
-2.39414	7.21959
-2.38356	7.20521
-2.37299	7.18962
-2.36242	7.17226
-2.35185	7.15256
-2.34128	7.13057
-2.3307	7.10632
-2.32013	7.07983
-2.30956	7.05111
-2.29899	7.02076
-2.28842	6.98881
-2.27784	6.95463
-2.26727	6.91943
-2.2567	6.88359
-2.24613	6.84589
-2.23556	6.8059
-2.22498	6.76404
-2.21441	6.72024
-2.20384	6.67413
-2.19327	6.62574
-2.18269	6.57509
-2.17212	6.52224
-2.16155	6.46788
-2.15098	6.41211
-2.14041	6.35505
-2.12983	6.29679
-2.11926	6.23697
-2.10869	6.17629
-2.09812	6.11617
-2.08755	6.05619
-2.07697	5.99536
-2.0664	5.93454
-2.05583	5.87396
-2.04526	5.81324
-2.03469	5.75268
-2.02411	5.69257
-2.01354	5.63314
-2.00297	5.57473
-1.9924	5.51761
-1.98183	5.46207
-1.97125	5.40841
-1.96068	5.35751
-1.95011	5.31022
-1.93954	5.26618
-1.92897	5.225
-1.91839	5.18688
-1.90782	5.15257
-1.89725	5.12225
-1.88668	5.09543
-1.87611	5.07217
-1.86553	5.05254
-1.85496	5.0366
-1.84439	5.02436
-1.83382	5.01579
-1.82325	5.01086
-1.81267	5.00952
-1.8021	5.01168
-1.79153	5.01785
-1.78096	5.0279
-1.77039	5.04108
-1.75981	5.05723
-1.74924	5.07622
-1.73867	5.09784
-1.7281	5.12192
-1.71752	5.1495
-1.70695	5.18033
-1.69638	5.21304
-1.68581	5.248
-1.67524	5.28501
-1.66466	5.32328
-1.65409	5.36258
-1.64352	5.40274
-1.63295	5.44357
-1.62238	5.48548
-1.6118	5.52894
-1.60123	5.57314
-1.59066	5.61734
-1.58009	5.66136
-1.56952	5.70564
-1.55894	5.75001
-1.54837	5.79375
-1.5378	5.83668
-1.52723	5.87865
-1.51666	5.9195
-1.50608	5.95971
-1.49551	5.99912
-1.48494	6.03695
-1.47437	6.07303
-1.4638	6.10758
-1.45322	6.14125
-1.44265	6.17345
-1.43208	6.20312
-1.42151	6.23007
-1.41094	6.25409
-1.40036	6.27557
-1.38979	6.29487
-1.37922	6.31114
-1.36865	6.32358
-1.35808	6.33193
-1.3475	6.33595
-1.33693	6.33548
-1.32636	6.33029
-1.31579	6.32021
-1.30522	6.30688
-1.29464	6.29014
-1.28407	6.26805
-1.2735	6.24046
-1.26293	6.20731
-1.25235	6.16854
-1.24178	6.12413
-1.23121	6.07412
-1.22064	6.01855
-1.21007	5.95755
-1.19949	5.89307
-1.18892	5.82588
-1.17835	5.75435
-1.16778	5.67815
-1.15721	5.59751
-1.14663	5.51272
-1.13606	5.42517
-1.12549	5.3352
-1.11492	5.2422
-1.10435	5.14719
-1.09377	5.0506
-1.0832	4.95227
-1.07263	4.85267
-1.06206	4.75227
-1.05149	4.65156
-1.04091	4.55161
-1.03034	4.45291
-1.01977	4.35534
-1.0092	4.25933
-0.99863	4.16533
-0.98805	4.07373
-0.97748	3.98495
-0.96691	3.89975
-0.95634	3.81847
-0.94577	3.74101
-0.93519	3.66762
-0.92462	3.59854
-0.91405	3.53396
-0.90348	3.47403
-0.89291	3.41885
-0.88233	3.36852
-0.87176	3.32304
-0.86119	3.28243
-0.85062	3.24664
-0.84005	3.21559
-0.82947	3.18917
-0.8189	3.16721
-0.80833	3.14954
-0.79776	3.13713
-0.78718	3.12978
-0.77661	3.12597
-0.76604	3.1254
-0.75547	3.12771
-0.7449	3.13257
-0.73432	3.13962
-0.72375	3.14847
-0.71318	3.15875
-0.70261	3.17007
-0.69204	3.18203
-0.68146	3.19427
-0.67089	3.20639
-0.66032	3.21861
-0.64975	3.23055
-0.63918	3.24125
-0.6286	3.25076
-0.61803	3.25873
-0.60746	3.26445
-0.59689	3.26761
-0.58632	3.26794
-0.57574	3.26522
-0.56517	3.25922
-0.5546	3.24977
-0.54403	3.23671
-0.53346	3.22053
-0.52288	3.20181
-0.51231	3.17985
-0.50174	3.15405
-0.49117	3.12461
-0.4806	3.0922
-0.47002	3.05673
-0.45945	3.0177
-0.44888	2.97527
-0.43831	2.92962
-0.42774	2.88098
-0.41716	2.82961
-0.40659	2.77577
-0.39602	2.72039
-0.38545	2.66434
-0.37488	2.60744
-0.3643	2.54935
-0.35373	2.49044
-0.34316	2.43104
-0.33259	2.37151
-0.32201	2.3122
-0.31144	2.25346
-0.30087	2.19562
-0.2903	2.13903
-0.27973	2.08392
-0.26915	2.03067
-0.25858	1.97954
-0.24801	1.93075
-0.23744	1.88449
-0.22687	1.84097
-0.21629	1.80033
-0.20572	1.76273
-0.19515	1.72826
-0.18458	1.69694
-0.17401	1.66885
-0.16343	1.64395
-0.15286	1.62223
-0.14229	1.60362
-0.13172	1.58802
-0.12115	1.57531
-0.11057	1.56538
-0.1	1.55804
-0.08943	1.55311
-0.07886	1.55101
-0.06829	1.5515
-0.05771	1.55376
-0.04714	1.55754
-0.03657	1.56261
-0.026	1.56872
-0.01543	1.57563
-0.00485	1.5831
0.00572	1.59091
0.01629	1.59885
0.02686	1.60672
0.03743	1.61434
0.04801	1.62156
0.05858	1.62822
0.06915	1.63421
0.07972	1.63945
0.09029	1.64428
0.10087	1.64864
0.11144	1.65212
0.12201	1.65472
0.13258	1.65651
0.14316	1.6575
0.15373	1.65899
0.1643	1.66109
0.17487	1.66268
0.18544	1.66389
0.19602	1.66484
0.20659	1.66572
0.21716	1.66665
0.22773	1.66782
0.2383	1.6694
0.24888	1.67158
0.25945	1.67452
0.27002	1.67841
0.28059	1.68342
0.29116	1.6897
0.30174	1.69741
0.31231	1.70666
0.32288	1.7176
0.33345	1.73028
0.34402	1.74479
0.3546	1.7612
0.36517	1.77952
0.37574	1.79976
0.38631	1.82191
0.39688	1.84593
0.40746	1.87177
0.41803	1.89932
0.4286	1.92849
0.43917	1.95914
0.44974	1.99178
0.46032	2.02623
0.47089	2.0617
0.48146	2.09802
0.49203	2.135
0.5026	2.17266
0.51318	2.21081
0.52375	2.24906
0.53432	2.28729
0.54489	2.32532
0.55546	2.36298
0.56604	2.40013
0.57661	2.43667
0.58718	2.47254
0.59775	2.50765
0.60833	2.54199
0.6189	2.57554
0.62947	2.60893
0.64004	2.64218
0.65061	2.67476
0.66119	2.70734
0.67176	2.74064
0.68233	2.77415
0.6929	2.8074
0.70347	2.84054
0.71405	2.87369
0.72462	2.90764
0.73519	2.94256
0.74576	2.978
0.75633	3.01412
0.76691	3.0511
0.77748	3.08908
0.78805	3.12823
0.79862	3.16867
0.80919	3.21054
0.81977	3.25397
0.83034	3.29901
0.84091	3.34575
0.85148	3.39428
0.86205	3.4446
0.87263	3.49675
0.8832	3.55074
0.89377	3.60652
0.90434	3.66408
0.91491	3.72336
0.92549	3.78451
0.93606	3.84744
0.94663	3.91189
0.9572	3.97815
0.96777	4.04673
0.97835	4.11714
0.98892	4.18864
0.99949	4.26112
1.01006	4.33448
1.02063	4.40864
1.03121	4.48348
1.04178	4.55974
1.05235	4.63793
1.06292	4.71716
1.0735	4.79671
1.08407	4.87676
1.09464	4.95719
1.10521	5.03772
1.11578	5.11825
1.12636	5.19992
1.13693	5.28262
1.1475	5.36502
1.15807	5.44698
1.16864	5.52834
1.17922	5.60896
1.18979	5.68862
1.20036	5.76712
1.21093	5.84422
1.2215	5.92027
1.23208	5.99499
1.24265	6.06808
1.25322	6.13914
1.26379	6.20723
1.27436	6.27215
1.28494	6.33351
1.29551	6.39064
1.30608	6.44314
1.31665	6.49117
1.32722	6.53431
1.3378	6.57152
1.34837	6.60239
1.35894	6.62652
1.36951	6.64356
1.38008	6.65379
1.39066	6.65693
1.40123	6.65252
1.4118	6.64036
1.42237	6.61991
1.43294	6.5911
1.44352	6.55391
1.45409	6.51021
1.46466	6.46194
1.47523	6.40861
1.4858	6.34862
1.49638	6.28104
1.50695	6.20613
1.51752	6.12431
1.52809	6.03604
1.53866	5.94182
1.54924	5.84283
1.55981	5.73969
1.57038	5.63246
1.58095	5.52178
1.59153	5.4084
1.6021	5.29308
1.61267	5.17655
1.62324	5.06019
1.63381	4.94476
1.64439	4.83039
1.65496	4.71784
1.66553	4.60781
1.6761	4.501
1.68667	4.39806
1.69725	4.29961
1.70782	4.20624
1.71839	4.11847
1.72896	4.03678
1.73953	3.96221
1.75011	3.89514
1.76068	3.83525
1.77125	3.7828
1.78182	3.73797
1.79239	3.7009
1.80297	3.67228
1.81354	3.6521
1.82411	3.6397
1.83468	3.63497
1.84525	3.63775
1.85583	3.64783
1.8664	3.66495
1.87697	3.68881
1.88754	3.71905
1.89811	3.75531
1.90869	3.79717
1.91926	3.84416
1.92983	3.89582
1.9404	3.95165
1.95097	4.01112
1.96155	4.07369
1.97212	4.13883
1.98269	4.206
1.99326	4.27463
2.00383	4.34477
2.01441	4.41647
2.02498	4.48918
2.03555	4.56173
2.04612	4.63295
2.0567	4.70236
2.06727	4.76943
2.07784	4.83369
2.08841	4.89468
2.09898	4.95261
2.10956	5.00708
2.12013	5.05714
2.1307	5.10245
2.14127	5.14273
2.15184	5.17777
2.16242	5.20855
2.17299	5.23493
2.18356	5.25555
2.19413	5.2709
2.2047	5.28215
2.21528	5.28865
2.22585	5.28917
2.23642	5.28374
2.24699	5.27245
2.25756	5.25536
2.26814	5.23263
2.27871	5.2044
2.28928	5.1713
2.29985	5.13351
2.31042	5.09129
2.321	5.04489
2.33157	4.99418
2.34214	4.93944
2.35271	4.88098
2.36328	4.8195
2.37386	4.7553
2.38443	4.68892
2.395	4.62068
2.40557	4.55031
2.41614	4.47929
2.42672	4.40788
2.43729	4.33515
2.44786	4.26137
2.45843	4.18676
2.469	4.11155
2.47958	4.03597
2.49015	3.96082
2.50072	3.88627
2.51129	3.81186
2.52187	3.73773
2.53244	3.66398
2.54301	3.59072
2.55358	3.51804
2.56415	3.446
2.57473	3.37465
2.5853	3.30403
2.59587	3.23416
2.60644	3.16507
2.61701	3.09677
2.62759	3.02967
2.63816	2.96379
2.64873	2.89871
2.6593	2.83444
2.66987	2.771
2.68045	2.70839
2.69102	2.64666
2.70159	2.58582
2.71216	2.52593
2.72273	2.46765
2.73331	2.41167
2.74388	2.35805
2.75445	2.30626
2.76502	2.25578
2.77559	2.2067
2.78617	2.15912
2.79674	2.11316
2.80731	2.06894
2.81788	2.02659
2.82845	1.98622
2.83903	1.94797
2.8496	1.91196
2.86017	1.8783
2.87074	1.8471
2.88131	1.81845
2.89189	1.79243
2.90246	1.7691
2.91303	1.74849
2.9236	1.7306
2.93417	1.71543
2.94475	1.70295
2.95532	1.6931
2.96589	1.68577
2.97646	1.68083
2.98704	1.67815
2.99761	1.67753
3.00818	1.67878
3.01875	1.68166
3.02932	1.68596
3.0399	1.69138
3.05047	1.69766
3.06104	1.70451
3.07161	1.71162
3.08218	1.71868
3.09276	1.72542
3.10333	1.73153
3.1139	1.73691
3.12447	1.74126
3.13504	1.74417
3.14562	1.74535
3.15619	1.74517
3.16676	1.74383
3.17733	1.74053
3.1879	1.73469
3.19848	1.72617
3.20905	1.71549
3.21962	1.70254
3.23019	1.68666
3.24076	1.66784
3.25134	1.64609
3.26191	1.62145
3.27248	1.59398
3.28305	1.56377
3.29362	1.53098
3.3042	1.49573
3.31477	1.45821
3.32534	1.41861
3.33591	1.37772
3.34648	1.3358
3.35706	1.29245
3.36763	1.24791
3.3782	1.2024
3.38877	1.15618
3.39934	1.10948
3.40992	1.06255
3.42049	1.01563
3.43106	0.96896
3.44163	0.92276
3.45221	0.87724
3.46278	0.83261
3.47335	0.78906
3.48392	0.74678
3.49449	0.70593
3.50507	0.66666
3.51564	0.6291
3.52621	0.59339
3.53678	0.55963
3.54735	0.52791
3.55793	0.4983
3.5685	0.47088
3.57907	0.44568
3.58964	0.42274
3.60021	0.40207
3.61079	0.3837
3.62136	0.3676
3.63193	0.35377
3.6425	0.34217
3.65307	0.33277
3.66365	0.32552
3.67422	0.32038
3.68479	0.31728
3.69536	0.31613
3.70593	0.31686
3.71651	0.31939
3.72708	0.32362
3.73765	0.32945
3.74822	0.33681
3.75879	0.34556
3.76937	0.3556
3.77994	0.3668
3.79051	0.37906
3.80108	0.39226
3.81165	0.40628
3.82223	0.42099
3.8328	0.43627
3.84337	0.45201
3.85394	0.46806
3.86451	0.48433
3.87509	0.50068
3.88566	0.517
3.89623	0.53318
3.9068	0.54912
3.91738	0.56469
3.92795	0.57982
3.93852	0.59441
3.94909	0.60878
3.95966	0.62285
3.97024	0.63615
3.98081	0.64862
3.99138	0.6602
4.00195	0.67085
4.01252	0.68056
4.0231	0.6893
4.03367	0.69707
4.04424	0.70389
4.05481	0.70979
4.06538	0.71481
4.07596	0.71899
4.08653	0.72242
4.0971	0.72518
4.10767	0.72736
4.11824	0.72907
4.12882	0.73103
4.13939	0.73337
4.14996	0.73562
4.16053	0.73791
4.1711	0.74038
4.18168	0.74318
4.19225	0.74646
4.20282	0.75039
4.21339	0.7551
4.22396	0.76076
4.23454	0.7675
4.24511	0.77547
4.25568	0.78478
4.26625	0.7956
4.27682	0.808
4.2874	0.8221
4.29797	0.83795
4.30854	0.85563
4.31911	0.87518
4.32968	0.89662
4.34026	0.91993
4.35083	0.94511
4.3614	0.97209
4.37197	1.0008
4.38255	1.03116
4.39312	1.06302
4.40369	1.09625
4.41426	1.13069
4.42483	1.16613
4.43541	1.20237
4.44598	1.23918
4.45655	1.27632
4.46712	1.31372
4.47769	1.35113
4.48827	1.38806
4.49884	1.42421
4.50941	1.45932
4.51998	1.49311
4.53055	1.52527
4.54113	1.55555
4.5517	1.58368
4.56227	1.60985
4.57284	1.63381
4.58341	1.65496
4.59399	1.67311
4.60456	1.68812
4.61513	1.69985
4.6257	1.70822
4.63627	1.71317
4.64685	1.71467
4.65742	1.71272
4.66799	1.70798
4.67856	1.70113
4.68913	1.69225
4.69971	1.68085
4.71028	1.66648
4.72085	1.64929
4.73142	1.62948
4.74199	1.60726
4.75257	1.58289
4.76314	1.55659
4.77371	1.52864
4.78428	1.49933
4.79485	1.46893
4.80543	1.43773
4.816	1.40602
4.82657	1.37409
4.83714	1.34221
4.84772	1.31064
4.85829	1.27965
4.86886	1.24946
4.87943	1.22034
4.89	1.19244
4.90058	1.16598
4.91115	1.14111
4.92172	1.11797
4.93229	1.0967
4.94286	1.07739
4.95344	1.06013
4.96401	1.04498
4.97458	1.03197
4.98515	1.02115
4.99572	1.01251
5.0063	1.00606
5.01687	1.00178
5.02744	0.99965
5.03801	0.99963
5.04858	1.00166
5.05916	1.00571
5.06973	1.01172
5.0803	1.01963
5.09087	1.02958
5.10144	1.0415
5.11202	1.05511
5.12259	1.07096
5.13316	1.08896
5.14373	1.10842
5.1543	1.12925
5.16488	1.15137
5.17545	1.17467
5.18602	1.19907
5.19659	1.22446
5.20716	1.25075
5.21774	1.27782
5.22831	1.30557
5.23888	1.33388
5.24945	1.36262
5.26002	1.39168
5.2706	1.42091
5.28117	1.45019
5.29174	1.47936
5.30231	1.5083
5.31289	1.53685
5.32346	1.56487
5.33403	1.5922
5.3446	1.61871
5.35517	1.64425
5.36575	1.66868
5.37632	1.69187
5.38689	1.7137
5.39746	1.73404
5.40803	1.75283
5.41861	1.76991
5.42918	1.78523
5.43975	1.79993
5.45032	1.81395
5.46089	1.82602
5.47147	1.8361
5.48204	1.84475
5.49261	1.85197
5.50318	1.85715
5.51375	1.8603
5.52433	1.86142
5.5349	1.86057
5.54547	1.8578
5.55604	1.85315
5.56661	1.84672
5.57719	1.83856
5.58776	1.82878
5.59833	1.81745
5.6089	1.8047
5.61947	1.79062
5.63005	1.77531
5.64062	1.75885
5.65119	1.74137
5.66176	1.72294
5.67233	1.70428
5.68291	1.68547
5.69348	1.66597
5.70405	1.64586
5.71462	1.62521
5.72519	1.60407
5.73577	1.58251
5.74634	1.56057
5.75691	1.53832
5.76748	1.51579
5.77806	1.49304
5.78863	1.47011
5.7992	1.44766
5.80977	1.42572
5.82034	1.40373
5.83092	1.38172
5.84149	1.35975
5.85206	1.33785
5.86263	1.31609
5.8732	1.2945
5.88378	1.27316
5.89435	1.25212
5.90492	1.23146
5.91549	1.21124
5.92606	1.19154
5.93664	1.17242
5.94721	1.15397
5.95778	1.13687
5.96835	1.12119
5.97892	1.10638
5.9895	1.0925
6.00007	1.0796
6.01064	1.06774
6.02121	1.05694
6.03178	1.04723
6.04236	1.03862
6.05293	1.03115
6.0635	1.02479
6.07407	1.01952
6.08464	1.01531
6.09522	1.01212
6.10579	1.00989
6.11636	1.00854
6.12693	1.00798
6.1375	1.00813
6.14808	1.00887
6.15865	1.01008
6.16922	1.01163
6.17979	1.01339
6.19036	1.01521
6.20094	1.01696
6.21151	1.01849
6.22208	1.01967
6.23265	1.02034
6.24323	1.02039
6.2538	1.01969
6.26437	1.01813
6.27494	1.01561
6.28551	1.01204
6.29609	1.00736
6.30666	1.00152
6.31723	0.99448
6.3278	0.98745
6.33837	0.98043
6.34895	0.97221
6.35952	0.9628
6.37009	0.9523
6.38066	0.94076
6.39123	0.92826
6.40181	0.91491
6.41238	0.90086
6.42295	0.88622
6.43352	0.87115
6.44409	0.8558
6.45467	0.84036
6.46524	0.825
6.47581	0.8099
6.48638	0.79523
6.49695	0.78117
6.50753	0.7679
6.5181	0.75557
6.52867	0.74433
6.53924	0.73435
6.54981	0.72572
6.56039	0.7186
6.57096	0.71303
6.58153	0.70912
6.5921	0.70691
6.60267	0.70645
6.61325	0.70774
6.62382	0.71079
6.63439	0.71558
6.64496	0.72204
6.65553	0.73013
6.66611	0.73976
6.67668	0.75084
6.68725	0.76326
6.69782	0.7769
6.70839	0.79163
6.71897	0.80729
6.72954	0.82377
6.74011	0.8409
6.75068	0.85854
6.76126	0.87653
6.77183	0.89474
6.7824	0.91302
6.79297	0.93124
6.80354	0.94929
6.81412	0.96704
6.82469	0.9844
6.83526	1.00189
6.84583	1.01944
6.8564	1.03637
6.86698	1.05264
6.87755	1.0682
6.88812	1.08305
6.89869	1.09719
6.90926	1.11061
6.91984	1.12334
6.93041	1.13604
6.94098	1.14874
6.95155	1.16089
6.96212	1.17255
6.9727	1.18378
6.98327	1.19464
6.99384	1.20522
7.00441	1.21557
7.01498	1.22579
7.02556	1.23592
7.03613	1.24605
7.0467	1.25622
7.05727	1.26649
7.06784	1.27689
7.07842	1.28747
7.08899	1.29823
7.09956	1.30918
7.11013	1.32033
7.1207	1.33165
7.13128	1.34311
7.14185	1.35466
7.15242	1.36625
7.16299	1.37783
7.17356	1.38928
7.18414	1.40115
7.19471	1.41331
7.20528	1.42507
7.21585	1.43628
7.22643	1.44683
7.237	1.4566
7.24757	1.46544
7.25814	1.47326
7.26871	1.47993
7.27929	1.48533
7.28986	1.48935
7.30043	1.4919
7.311	1.4929
7.32157	1.49228
7.33215	1.49057
7.34272	1.48775
7.35329	1.48316
7.36386	1.47679
7.37443	1.46862
7.38501	1.45869
7.39558	1.44742
7.40615	1.43486
7.41672	1.42067
7.42729	1.40493
7.43787	1.38775
7.44844	1.3692
7.45901	1.34943
7.46958	1.32857
7.48015	1.30737
7.49073	1.28597
7.5013	1.26392
7.51187	1.24139
7.52244	1.21853
7.53301	1.19549
7.54359	1.17246
7.55416	1.14959
7.56473	1.12703
7.5753	1.10498
7.58587	1.08353
7.59645	1.06285
7.60702	1.04308
7.61759	1.02434
7.62816	1.00675
7.63873	0.99042
7.64931	0.97546
7.65988	0.96193
7.67045	0.94993
7.68102	0.93951
7.6916	0.93074
7.70217	0.92366
7.71274	0.9183
7.72331	0.91471
7.73388	0.91289
7.74446	0.91285
7.75503	0.9146
7.7656	0.91815
7.77617	0.92349
7.78674	0.93059
7.79732	0.93945
7.80789	0.95003
7.81846	0.96292
7.82903	0.97807
7.8396	0.99485
7.85018	1.01318
7.86075	1.03304
7.87132	1.05436
7.88189	1.07707
7.89246	1.10112
7.90304	1.12643
7.91361	1.15294
7.92418	1.18058
7.93475	1.20926
7.94532	1.23891
7.9559	1.26945
7.96647	1.30078
7.97704	1.33282
7.98761	1.36548
7.99818	1.39866
8.00876	1.43227
8.01933	1.46621
8.0299	1.50037
8.04047	1.53467
8.05104	1.56901
8.06162	1.60327
8.07219	1.63737
8.08276	1.67182
8.09333	1.70651
8.1039	1.74073
8.11448	1.77439
8.12505	1.80739
8.13562	1.83964
8.14619	1.87104
8.15677	1.90151
8.16734	1.93156
8.17791	1.96112
8.18848	1.98969
8.19905	2.01718
8.20963	2.04331
8.2202	2.068
8.23077	2.09116
8.24134	2.11271
8.25191	2.13257
8.26249	2.15068
8.27306	2.16736
8.28363	2.18254
8.2942	2.19571
8.30477	2.2068
8.31535	2.21573
8.32592	2.22243
8.33649	2.22683
8.34706	2.22883
8.35763	2.22899
8.36821	2.22722
8.37878	2.22285
8.38935	2.21582
8.39992	2.20605
8.41049	2.19353
8.42107	2.17819
8.43164	2.16002
8.44221	2.13899
8.45278	2.11511
8.46335	2.0884
8.47393	2.05888
8.4845	2.02659
8.49507	1.99283
8.50564	1.95766
8.51621	1.91995
8.52679	1.8798
8.53736	1.83732
8.54793	1.79265
8.5585	1.74593
8.56907	1.69796
8.57965	1.64891
8.59022	1.59833
8.60079	1.54645
8.61136	1.49348
8.62194	1.43962
8.63251	1.38512
8.64308	1.33018
8.65365	1.27506
8.66422	1.21998
8.6748	1.16519
8.68537	1.11091
8.69594	1.05737
8.70651	1.00479
8.71708	0.95338
8.72766	0.90335
8.73823	0.85488
8.7488	0.80815
8.75937	0.76333
8.76994	0.72056
8.78052	0.67997
8.79109	0.64168
8.80166	0.60579
8.81223	0.57237
8.8228	0.5415
8.83338	0.51323
8.84395	0.48758
8.85452	0.46457
8.86509	0.44421
8.87566	0.42648
8.88624	0.41136
8.89681	0.39881
8.90738	0.38878
8.91795	0.3812
8.92852	0.37602
8.9391	0.37315
8.94967	0.3725
8.96024	0.37399
8.97081	0.37755
8.98138	0.38304
8.99196	0.39036
9.00253	0.39942
9.0131	0.41013
9.02367	0.42238
9.03424	0.43607
9.04482	0.45109
9.05539	0.46737
9.06596	0.48479
9.07653	0.50329
9.08711	0.52277
9.09768	0.54317
9.10825	0.56441
9.11882	0.58642
9.12939	0.60917
9.13997	0.63256
9.15054	0.65655
9.16111	0.6811
9.17168	0.70617
9.18225	0.7317
9.19283	0.75765
9.2034	0.78461
9.21397	0.81251
9.22454	0.84071
9.23511	0.86915
9.24569	0.89777
9.25626	0.92652
9.26683	0.95534
9.2774	0.98415
9.28797	1.0129
9.29855	1.04151
9.30912	1.06989
9.31969	1.09798
9.33026	1.12567
9.34083	1.15288
9.35141	1.17952
9.36198	1.20549
9.37255	1.23071
9.38312	1.25507
9.39369	1.27848
9.40427	1.30087
9.41484	1.32211
9.42541	1.34219
9.43598	1.36101
9.44655	1.37851
9.45713	1.39467
9.4677	1.40941
9.47827	1.42273
9.48884	1.43462
9.49941	1.4457
9.50999	1.45598
9.52056	1.46489
9.53113	1.47286
9.5417	1.47996
9.55228	1.48644
9.56285	1.49237
9.57342	1.49723
9.58399	1.5011
9.59456	1.50407
9.60514	1.50624
9.61571	1.50772
9.62628	1.50861
9.63685	1.50902
9.64742	1.50906
9.658	1.50881
9.66857	1.50839
9.67914	1.50787
9.68971	1.50733
9.70028	1.50683
9.71086	1.50641
9.72143	1.50612
9.732	1.50598
9.74257	1.50599
9.75314	1.50616
9.76372	1.50645
9.77429	1.50683
9.78486	1.50726
9.79543	1.50767
9.806	1.508
9.81658	1.50817
9.82715	1.5081
9.83772	1.50769
9.84829	1.50687
9.85886	1.50555
9.86944	1.50363
9.88001	1.50104
9.89058	1.49891
9.90115	1.49718
9.91172	1.49454
9.9223	1.49094
9.93287	1.48631
9.94344	1.48064
9.95401	1.47388
9.96458	1.46606
9.97516	1.45714
9.98573	1.44718
9.9963	1.4362
10.00687	1.42427
10.01745	1.41145
10.02802	1.39782
10.03859	1.38348
10.04916	1.36912
10.05973	1.35486
10.07031	1.34021
10.08088	1.32525
10.09145	1.3101
10.10202	1.29487
10.11259	1.27968
10.12317	1.26463
10.13374	1.24983
10.14431	1.23537
10.15488	1.22135
10.16545	1.20784
10.17603	1.19492
10.1866	1.18264
10.19717	1.17107
10.20774	1.16043
10.21831	1.15076
10.22889	1.14187
10.23946	1.13377
10.25003	1.12643
10.2606	1.11985
10.27117	1.114
10.28175	1.10884
10.29232	1.10433
10.30289	1.10042
10.31346	1.09705
10.32403	1.09416
10.33461	1.0917
10.34518	1.0896
10.35575	1.08779
10.36632	1.08622
10.37689	1.08542
10.38747	1.08534
10.39804	1.0853
10.40861	1.08524
10.41918	1.0851
10.42975	1.08486
10.44033	1.08446
10.4509	1.08386
10.46147	1.08305
10.47204	1.08221
10.48262	1.08134
10.49319	1.08023
10.50376	1.07888
10.51433	1.0773
10.5249	1.07552
10.53548	1.07356
10.54605	1.07144
10.55662	1.06921
10.56719	1.0669
10.57776	1.06455
10.58834	1.0622
10.59891	1.0599
10.60948	1.05829
10.62005	1.05741
10.63062	1.05667
10.6412	1.0561
10.65177	1.05571
10.66234	1.05551
10.67291	1.0555
10.68348	1.05568
10.69406	1.05603
10.70463	1.05653
10.7152	1.05716
10.72577	1.05787
10.73634	1.05861
10.74692	1.05936
10.75749	1.06001
10.76806	1.06052
10.77863	1.06081
10.7892	1.06081
10.79978	1.06043
10.81035	1.05957
10.82092	1.0582
10.83149	1.05621
10.84206	1.05351
10.85264	1.05003
10.86321	1.0457
10.87378	1.04046
10.88435	1.03485
10.89492	1.02885
10.9055	1.02178
10.91607	1.01362
10.92664	1.00435
10.93721	0.99397
10.94779	0.98248
10.95836	0.96992
10.96893	0.95631
10.9795	0.94173
10.99007	0.92686
11.00065	0.91176
11.01122	0.89593
11.02179	0.87946
11.03236	0.86247
11.04293	0.84508
11.05351	0.82743
11.06408	0.80965
11.07465	0.7919
11.08522	0.77433
11.09579	0.75711
11.10637	0.74035
11.11694	0.72424
11.12751	0.70891
11.13808	0.69452
11.14865	0.68121
11.15923	0.6691
11.1698	0.65834
11.18037	0.64903
11.19094	0.64128
11.20151	0.63519
11.21209	0.63083
11.22266	0.62828
11.23323	0.6276
11.2438	0.62884
11.25437	0.63201
11.26495	0.63715
11.27552	0.64427
11.28609	0.65337
11.29666	0.66442
11.30723	0.67742
11.31781	0.69234
11.32838	0.70913
11.33895	0.72774
11.34952	0.74813
11.36009	0.77024
11.37067	0.794
11.38124	0.81934
11.39181	0.8462
11.40238	0.87451
11.41296	0.90416
11.42353	0.9351
11.4341	0.96724
11.44467	1.00048
11.45524	1.03537
11.46582	1.0718
11.47639	1.10907
11.48696	1.14708
11.49753	1.18572
11.5081	1.22491
11.51868	1.26454
11.52925	1.30449
11.53982	1.34468
11.55039	1.38501
11.56096	1.42536
11.57154	1.46563
11.58211	1.50573
11.59268	1.54554
11.60325	1.58497
11.61382	1.62391
11.6244	1.66228
11.63497	1.69996
11.64554	1.73687
11.65611	1.77292
11.66668	1.80861
11.67726	1.84387
11.68783	1.87801
11.6984	1.91092
11.70897	1.94253
11.71954	1.97276
11.73012	2.00153
11.74069	2.02879
11.75126	2.05509
11.76183	2.08036
11.7724	2.10393
11.78298	2.12577
11.79355	2.14582
11.80412	2.16403
11.81469	2.181
11.82526	2.19669
11.83584	2.21066
11.84641	2.22288
11.85698	2.23312
11.86755	2.24137
11.87812	2.24761
11.8887	2.25184
11.89927	2.25404
11.90984	2.25422
11.92041	2.25239
11.93099	2.24857
11.94156	2.24277
11.95213	2.23501
11.9627	2.22532
11.97327	2.21373
11.98385	2.20027
11.99442	2.18499
12.00499	2.16813
12.01556	2.15097
12.02613	2.13334
12.03671	2.11407
12.04728	2.09321
12.05785	2.07083
12.06842	2.04695
12.07899	2.02164
12.08957	1.99498
12.10014	1.96704
12.11071	1.93791
12.12128	1.90766
12.13185	1.8764
12.14243	1.84423
12.153	1.81125
12.16357	1.77815
12.17414	1.74506
12.18471	1.71147
12.19529	1.67748
12.20586	1.6432
12.21643	1.60875
12.227	1.57423
12.23757	1.53975
12.24815	1.50542
12.25872	1.47136
12.26929	1.43767
12.27986	1.40445
12.29043	1.37182
12.30101	1.33986
12.31158	1.30869
12.32215	1.27899
12.33272	1.25086
12.34329	1.22377
12.35387	1.19778
12.36444	1.17296
12.37501	1.14937
12.38558	1.12708
12.39616	1.10615
12.40673	1.08661
12.4173	1.06853
12.42787	1.05193
12.43844	1.03687
12.44902	1.02338
12.45959	1.01149
12.47016	1.00124
12.48073	0.99265
12.4913	0.98576
12.50188	0.98058
12.51245	0.97715
12.52302	0.97548
12.53359	0.97558
12.54416	0.97748
12.55474	0.98119
12.56531	0.9867
12.57588	0.99403
12.58645	1.00316
12.59702	1.01411
12.6076	1.02746
12.61817	1.04317
12.62874	1.06062
12.63931	1.07974
12.64988	1.10048
12.66046	1.12276
12.67103	1.14651
12.6816	1.17164
12.69217	1.19804
12.70274	1.22559
12.71332	1.25416
12.72389	1.2836
12.73446	1.31375
12.74503	1.34444
12.7556	1.37549
12.76618	1.4067
12.77675	1.43786
12.78732	1.46874
12.79789	1.49913
12.80846	1.52879
12.81904	1.55747
12.82961	1.58495
12.84018	1.61097
12.85075	1.6353
12.86133	1.65771
12.8719	1.67796
12.88247	1.69645
12.89304	1.71296
12.90361	1.7267
12.91419	1.73747
12.92476	1.74512
12.93533	1.74948
12.9459	1.7505
12.95647	1.74805
12.96705	1.74206
12.97762	1.73372
12.98819	1.72301
12.99876	1.70872
13.00933	1.69088
13.01991	1.66955
13.03048	1.64482
13.04105	1.61681
13.05162	1.58566
13.06219	1.55153
13.07277	1.51521
13.08334	1.4769
13.09391	1.43623
13.10448	1.39342
13.11505	1.34869
13.12563	1.30231
13.1362	1.25453
13.14677	1.20562
13.15734	1.15582
13.16791	1.10541
13.17849	1.05463
13.18906	1.00373
13.19963	0.95297
13.2102	0.90255
13.22077	0.8527
13.23135	0.80362
13.24192	0.75548
13.25249	0.70848
13.26306	0.66276
13.27363	0.61844
13.28421	0.57565
13.29478	0.53449
13.30535	0.49502
13.31592	0.45732
13.3265	0.42143
13.33707	0.38739
13.34764	0.35519
13.35821	0.32485
13.36878	0.29635
13.37936	0.26967
13.38993	0.24477
13.4005	0.2216
13.41107	0.20012
13.42164	0.18026
13.43222	0.16196
13.44279	0.14515
13.45336	0.12974
13.46393	0.11568
13.4745	0.10288
13.48508	0.09126
13.49565	0.08074
13.50622	0.07126
13.51679	0.06272
13.52736	0.05506
13.53794	0.04821
13.54851	0.04211
13.55908	0.03669
13.56965	0.03189
13.58022	0.02764
13.5908	0.0239
13.60137	0.02061
13.61194	0.01773
13.62251	0.01521
13.63308	0.01302
13.64366	0.01112
13.65423	0.00947
13.6648	0.00806
13.67537	0.00684
13.68594	0.00579
13.69652	0.00491
13.70709	0.00415
13.71766	0.00352
13.72823	0.00299
13.7388	0.00255
13.74938	0.00219
13.75995	0.0019
13.77052	0.00168
13.78109	0.00151
13.79167	0.00139
13.80224	0.0013
13.81281	0.00128
13.82338	0.00129
13.83395	0.00135
13.84453	0.00144
13.8551	0.00158
13.86567	0.00176
13.87624	0.00198
13.88681	0.00225
13.89739	0.00255
13.90796	0.00293
13.91853	0.00337
13.9291	0.00387
13.93967	0.00444
13.95025	0.00508
13.96082	0.00581
13.97139	0.00663
13.98196	0.00754
13.99253	0.00855
14.00311	0.00968
14.01368	0.01093
14.02425	0.01231
14.03482	0.01382
14.04539	0.01548
14.05597	0.01729
14.06654	0.01925
14.07711	0.02138
14.08768	0.02367
14.09825	0.02614
14.10883	0.02878
14.1194	0.03161
14.12997	0.03461
14.14054	0.0378
14.15111	0.04116
14.16169	0.0447
14.17226	0.0484
14.18283	0.05227
14.1934	0.05629
14.20397	0.06044
14.21455	0.06472
14.22512	0.06912
14.23569	0.0736
14.24626	0.07816
14.25684	0.08277
14.26741	0.0874
14.27798	0.09204
14.28855	0.09665
14.29912	0.10121
14.3097	0.10569
14.32027	0.11006
14.33084	0.11429
14.34141	0.11836
14.35198	0.12222
14.36256	0.12586
14.37313	0.12924
14.3837	0.13235
14.39427	0.13515
14.40484	0.13763
14.41542	0.13976
14.42599	0.14153
14.43656	0.14292
14.44713	0.14392
14.4577	0.14453
14.46828	0.14473
14.47885	0.14473
14.48942	0.14453
14.49999	0.14392
14.51056	0.14292
14.52114	0.14153
14.53171	0.13976
14.54228	0.13763
14.55285	0.13515
14.56342	0.13235
14.574	0.12924
14.58457	0.12586
14.59514	0.12222
14.60571	0.11836
14.61628	0.11429
14.62686	0.11006
14.63743	0.10569
14.648	0.10121
14.65857	0.09665
14.66914	0.09204
14.67972	0.0874
14.69029	0.08277
14.70086	0.07816
14.71143	0.0736
14.72201	0.06912
14.73258	0.06472
14.74315	0.06044
14.75372	0.05629
14.76429	0.05227
14.77487	0.0484
14.78544	0.0447
14.79601	0.04116
14.80658	0.0378
14.81715	0.03461
14.82773	0.03161
14.8383	0.02878
14.84887	0.02614
14.85944	0.02367
14.87001	0.02138
14.88059	0.01925
14.89116	0.01729
14.90173	0.01548
14.9123	0.01382
14.92287	0.01231
14.93345	0.01093
14.94402	0.00968
14.95459	0.00855
14.96516	0.00753
14.97573	0.00661
14.98631	0.00579
14.99688	0.00506
15.00745	0.0044
15.01802	0.00382
15.02859	0.00331
15.03917	0.00286
15.04974	0.00246
15.06031	0.00211
15.07088	0.00181
15.08145	0.00155
15.09203	0.00132
15.1026	0.00112
15.11317	9.46777E-4
15.12374	7.99522E-4
15.13431	6.73286E-4
15.14489	5.654E-4
15.15546	4.73476E-4
15.16603	3.95391E-4
15.1766	3.29262E-4
15.18718	2.73428E-4
15.19775	2.26429E-4
15.20832	1.86985E-4
15.21889	1.53981E-4
15.22946	1.26449E-4
15.24004	1.0355E-4
15.25061	8.45611E-5
16.47696	0
