-57.75344	0
-57.74287	0
-56.66442	1.26897E-4
-56.65384	1.61149E-4
-56.64327	2.04074E-4
-56.6327	2.57712E-4
-56.62212	3.2454E-4
-56.61155	4.07556E-4
-56.60098	5.1038E-4
-56.5904	6.37361E-4
-56.57983	7.93714E-4
-56.56926	9.85664E-4
-56.55869	0.00122
-56.54811	0.00151
-56.53754	0.00186
-56.52697	0.00228
-56.51639	0.00279
-56.50582	0.00341
-56.49525	0.00415
-56.48467	0.00504
-56.4741	0.00611
-56.46353	0.00737
-56.45295	0.00888
-56.44238	0.01066
-56.43181	0.01277
-56.42124	0.01525
-56.41066	0.01816
-56.40009	0.02156
-56.38952	0.02553
-56.37894	0.03015
-56.36837	0.03551
-56.3578	0.0417
-56.34722	0.04883
-56.33665	0.05703
-56.32608	0.06641
-56.31551	0.07712
-56.30493	0.08931
-56.29436	0.10313
-56.28379	0.11876
-56.27321	0.13638
-56.26264	0.15618
-56.25207	0.17835
-56.24149	0.2031
-56.23092	0.23064
-56.22035	0.26119
-56.20977	0.29495
-56.1992	0.33215
-56.18863	0.373
-56.17806	0.4177
-56.16748	0.46645
-56.15691	0.51944
-56.14634	0.57683
-56.13576	0.63878
-56.12519	0.70541
-56.11462	0.77681
-56.10404	0.85305
-56.09347	0.93416
-56.0829	1.02012
-56.07233	1.11089
-56.06175	1.20636
-56.05118	1.30637
-56.04061	1.41073
-56.03003	1.51918
-56.01946	1.6314
-56.00889	1.74701
-55.99831	1.8656
-55.98774	1.98668
-55.97717	2.10971
-55.96659	2.23411
-55.95602	2.35925
-55.94545	2.48443
-55.93488	2.60896
-55.9243	2.73209
-55.91373	2.85304
-55.90316	2.97103
-55.89258	3.08526
-55.88201	3.19495
-55.87144	3.2993
-55.86086	3.39755
-55.85029	3.48896
-55.83972	3.57284
-55.82915	3.64851
-55.81857	3.7154
-55.808	3.77295
-55.79743	3.8207
-55.78685	3.85825
-55.77628	3.88531
-55.76571	3.90163
-55.75513	3.90708
-55.74456	3.90708
-55.73399	3.90163
-55.72341	3.88531
-55.71284	3.85825
-55.70227	3.8207
-55.6917	3.77295
-55.68112	3.7154
-55.67055	3.64851
-55.65998	3.57284
-55.6494	3.48896
-55.63883	3.39755
-55.62826	3.2993
-55.61768	3.19495
-55.60711	3.08526
-55.59654	2.97103
-55.58597	2.85304
-55.57539	2.73209
-55.56482	2.60896
-55.55425	2.48443
-55.54367	2.35925
-55.5331	2.23411
-55.52253	2.10971
-55.51195	1.98668
-55.50138	1.8656
-55.49081	1.74701
-55.48023	1.6314
-55.46966	1.51918
-55.45909	1.41073
-55.44852	1.30637
-55.43794	1.20636
-55.42737	1.11089
-55.4168	1.02012
-55.40622	0.93416
-55.39565	0.85305
-55.38508	0.77681
-55.3745	0.70541
-55.36393	0.63878
-55.35336	0.57683
-55.34278	0.51944
-55.33221	0.46645
-55.32164	0.4177
-55.31107	0.373
-55.30049	0.33215
-55.28992	0.29495
-55.27935	0.26119
-55.26877	0.23064
-55.2582	0.2031
-55.24763	0.17835
-55.23705	0.15618
-55.22648	0.13638
-55.21591	0.11876
-55.20534	0.10313
-55.19476	0.08931
-55.18419	0.07712
-55.17362	0.06641
-55.16304	0.05703
-55.15247	0.04883
-55.1419	0.0417
-55.13132	0.03551
-55.12075	0.03015
-55.11018	0.02553
-55.0996	0.02156
-55.08903	0.01816
-55.07846	0.01525
-55.06789	0.01277
-55.05731	0.01066
-55.04674	0.00888
-55.03617	0.00737
-55.02559	0.00611
-55.01502	0.00504
-55.00445	0.00415
-54.99387	0.00341
-54.9833	0.00279
-54.97273	0.00228
-54.96216	0.00186
-54.95158	0.00151
-54.94101	0.00122
-54.93044	9.85664E-4
-54.91986	7.93714E-4
-54.90929	6.37361E-4
-54.89872	5.1038E-4
-54.88814	4.07556E-4
-54.87757	3.2454E-4
-54.867	2.57712E-4
-54.85642	2.04074E-4
-54.84585	1.61149E-4
-54.83528	1.26897E-4
-54.82471	0
-32.68474	2.28736E-4
-32.67417	3.55829E-4
-32.6636	5.63082E-4
-32.65303	7.11467E-4
-32.64245	8.96456E-4
-32.63188	0.00113
-32.62131	0.00141
-32.61073	0.00176
-32.60016	0.0022
-32.58959	0.00273
-32.57901	0.00338
-32.56844	0.00418
-32.55787	0.00515
-32.5473	0.00633
-32.53672	0.00776
-32.52615	0.00948
-32.51558	0.01155
-32.505	0.01404
-32.49443	0.01701
-32.48386	0.02056
-32.47328	0.02478
-32.46271	0.02978
-32.45214	0.03568
-32.44156	0.04264
-32.43099	0.05082
-32.42042	0.0604
-32.40985	0.07158
-32.39927	0.08459
-32.3887	0.0997
-32.37813	0.11717
-32.36755	0.13733
-32.35698	0.1605
-32.34641	0.18707
-32.33583	0.21742
-32.32526	0.252
-32.31469	0.29126
-32.30412	0.3357
-32.29354	0.38585
-32.28297	0.44226
-32.2724	0.50551
-32.26182	0.57619
-32.25125	0.65493
-32.24068	0.74236
-32.2301	0.83912
-32.21953	0.94586
-32.20896	1.06321
-32.19838	1.19179
-32.18781	1.33222
-32.17724	1.48504
-32.16667	1.6508
-32.15609	1.82996
-32.14552	2.02292
-32.13495	2.23
-32.12437	2.45146
-32.1138	2.68741
-32.10323	2.93788
-32.09265	3.20276
-32.08208	3.48182
-32.07151	3.77467
-32.06094	4.08077
-32.05036	4.39943
-32.03979	4.72979
-32.02922	5.07081
-32.01864	5.42131
-32.00807	5.77992
-31.9975	6.14511
-31.98692	6.51522
-31.97635	6.88841
-31.96578	7.26274
-31.9552	7.63611
-31.94463	8.00635
-31.93406	8.37121
-31.92349	8.72835
-31.91291	9.07544
-31.90234	9.41009
-31.89177	9.72995
-31.88119	10.03271
-31.87062	10.31613
-31.86005	10.57807
-31.84947	10.8165
-31.8389	11.02955
-31.82833	11.21554
-31.81775	11.37295
-31.80718	11.5005
-31.79661	11.59716
-31.78604	11.66211
-31.77546	11.69906
-31.76489	11.71216
-31.75432	11.69987
-31.74374	11.6627
-31.73317	11.59813
-31.7226	11.50186
-31.71202	11.37467
-31.70145	11.21762
-31.69088	11.03197
-31.68031	10.81924
-31.66973	10.5811
-31.65916	10.31944
-31.64859	10.03627
-31.63801	9.73373
-31.62744	9.41406
-31.61687	9.07958
-31.60629	8.73264
-31.59572	8.3756
-31.58515	8.01083
-31.57457	7.64064
-31.564	7.26729
-31.55343	6.89297
-31.54286	6.51976
-31.53228	6.14961
-31.52171	5.78434
-31.51114	5.42565
-31.50056	5.07504
-31.48999	4.7339
-31.47942	4.40341
-31.46884	4.08461
-31.45827	3.77835
-31.4477	3.48534
-31.43713	3.20611
-31.42655	2.94105
-31.41598	2.69041
-31.40541	2.45428
-31.39483	2.23265
-31.38426	2.02539
-31.37369	1.83227
-31.36311	1.65294
-31.35254	1.48703
-31.34197	1.33404
-31.33139	1.19347
-31.32082	1.06474
-31.31025	0.94726
-31.29968	0.8404
-31.2891	0.74351
-31.27853	0.65597
-31.26796	0.57713
-31.25738	0.50635
-31.24681	0.44302
-31.23624	0.38653
-31.22566	0.3363
-31.21509	0.29179
-31.20452	0.25247
-31.19395	0.21783
-31.18337	0.18743
-31.1728	0.16082
-31.16223	0.13761
-31.15165	0.11742
-31.14108	0.09991
-31.13051	0.08478
-31.11993	0.07174
-31.10936	0.06053
-31.09879	0.05094
-31.08821	0.04274
-31.07764	0.03577
-31.06707	0.02985
-31.0565	0.02484
-31.04592	0.02061
-31.03535	0.01706
-31.02478	0.01407
-31.0142	0.01158
-31.00363	0.00951
-30.99306	0.00778
-30.98248	0.00635
-30.97191	0.00517
-30.96134	0.00419
-30.95077	0.00339
-30.94019	0.00274
-30.92962	0.0022
-30.91905	0.00177
-30.90847	0.00142
-30.8979	0.00113
-30.88733	8.99264E-4
-30.87675	7.13729E-4
-30.86618	5.64898E-4
-30.85561	3.68356E-4
-30.84503	2.09042E-4
-30.83446	1.12798E-4
-30.82389	0
-9.58264	1.03391E-4
-9.57206	1.2626E-4
-9.56149	1.53756E-4
-9.55092	1.86719E-4
-9.54034	2.26115E-4
-9.52977	2.73059E-4
-9.5192	3.28828E-4
-9.50863	3.94884E-4
-9.49805	4.72885E-4
-9.48748	5.64713E-4
-9.47691	6.7249E-4
-9.46633	7.98603E-4
-9.45576	9.45719E-4
-9.44519	0.00112
-9.43461	0.00132
-9.42404	0.00154
-9.41347	0.00181
-9.40289	0.00211
-9.39232	0.00246
-9.38175	0.00286
-9.37118	0.00331
-9.3606	0.00382
-9.35003	0.0044
-9.33946	0.00505
-9.32888	0.00578
-9.31831	0.00661
-9.30774	0.00752
-9.29716	0.00854
-9.28659	0.00967
-9.27602	0.01092
-9.26545	0.0123
-9.25487	0.01381
-9.2443	0.01547
-9.23373	0.01728
-9.22315	0.01924
-9.21258	0.02136
-9.20201	0.02366
-9.19143	0.02613
-9.18086	0.02877
-9.17029	0.03159
-9.15971	0.0346
-9.14914	0.03778
-9.13857	0.04114
-9.128	0.04468
-9.11742	0.04838
-9.10685	0.05225
-9.09628	0.05627
-9.0857	0.06042
-9.07513	0.06472
-9.06456	0.06911
-9.05398	0.0736
-9.04341	0.07817
-9.03284	0.08278
-9.02227	0.08742
-9.01169	0.09207
-9.00112	0.0967
-8.99055	0.10128
-8.97997	0.10578
-8.9694	0.11017
-8.95883	0.11444
-8.94825	0.11854
-8.93768	0.12245
-8.92711	0.12615
-8.91653	0.1296
-8.90596	0.13279
-8.89539	0.13569
-8.88482	0.13829
-8.87424	0.14056
-8.86367	0.14249
-8.8531	0.14408
-8.84252	0.14532
-8.83195	0.1462
-8.82138	0.14672
-8.8108	0.1471
-8.80023	0.14734
-8.78966	0.14725
-8.77909	0.14684
-8.76851	0.14614
-8.75794	0.14516
-8.74737	0.14394
-8.73679	0.14251
-8.72622	0.1409
-8.71565	0.13914
-8.70507	0.13729
-8.6945	0.13539
-8.68393	0.13349
-8.67335	0.13162
-8.66278	0.12985
-8.65221	0.12824
-8.64164	0.12682
-8.63106	0.12565
-8.62049	0.12479
-8.60992	0.12429
-8.59934	0.12419
-8.58877	0.12455
-8.5782	0.12541
-8.56762	0.12681
-8.55705	0.1288
-8.54648	0.1314
-8.53591	0.13464
-8.52533	0.13856
-8.51476	0.14317
-8.50419	0.14849
-8.49361	0.15451
-8.48304	0.16124
-8.47247	0.16867
-8.46189	0.17678
-8.45132	0.18556
-8.44075	0.19498
-8.43017	0.205
-8.4196	0.21556
-8.40903	0.22664
-8.39846	0.23815
-8.38788	0.25005
-8.37731	0.26226
-8.36674	0.27469
-8.35616	0.28728
-8.34559	0.29994
-8.33502	0.31257
-8.32444	0.32509
-8.31387	0.3374
-8.3033	0.34941
-8.29272	0.36103
-8.28215	0.37217
-8.27158	0.38274
-8.26101	0.39266
-8.25043	0.40186
-8.23986	0.41025
-8.22929	0.41777
-8.21871	0.42438
-8.20814	0.43001
-8.19757	0.43464
-8.18699	0.43824
-8.17642	0.4408
-8.16585	0.4423
-8.15528	0.44336
-8.1447	0.444
-8.13413	0.44363
-8.12356	0.44229
-8.11298	0.44
-8.10241	0.43684
-8.09184	0.43287
-8.08126	0.42815
-8.07069	0.42277
-8.06012	0.41682
-8.04954	0.41039
-8.03897	0.40359
-8.0284	0.39653
-8.01783	0.3893
-8.00725	0.38202
-7.99668	0.37479
-7.98611	0.36773
-7.97553	0.36094
-7.96496	0.35453
-7.95439	0.34857
-7.94381	0.34316
-7.93324	0.33837
-7.92267	0.33429
-7.9121	0.33096
-7.90152	0.32844
-7.89095	0.32676
-7.88038	0.32596
-7.8698	0.32605
-7.85923	0.32703
-7.84866	0.32888
-7.83808	0.3316
-7.82751	0.33514
-7.81694	0.33946
-7.80636	0.34451
-7.79579	0.35023
-7.78522	0.35653
-7.77465	0.36335
-7.76407	0.37059
-7.7535	0.37817
-7.74293	0.38598
-7.73235	0.39394
-7.72178	0.40195
-7.71121	0.40991
-7.70063	0.41773
-7.69006	0.42531
-7.67949	0.43257
-7.66892	0.43943
-7.65834	0.44581
-7.64777	0.45167
-7.6372	0.45694
-7.62662	0.46157
-7.61605	0.46554
-7.60548	0.46883
-7.5949	0.47142
-7.58433	0.47393
-7.57376	0.47637
-7.56318	0.47814
-7.55261	0.47927
-7.54204	0.47981
-7.53147	0.47979
-7.52089	0.47928
-7.51032	0.47837
-7.49975	0.47708
-7.48917	0.47553
-7.4786	0.47378
-7.46803	0.47192
-7.45745	0.47005
-7.44688	0.46825
-7.43631	0.46661
-7.42574	0.46523
-7.41516	0.46416
-7.40459	0.46348
-7.39402	0.46326
-7.38344	0.46357
-7.37287	0.46445
-7.3623	0.46593
-7.35172	0.46806
-7.34115	0.47084
-7.33058	0.47428
-7.32	0.47838
-7.30943	0.48312
-7.29886	0.48848
-7.28829	0.49442
-7.27771	0.50089
-7.26714	0.50783
-7.25657	0.51519
-7.24599	0.52289
-7.23542	0.53084
-7.22485	0.53901
-7.21427	0.54728
-7.2037	0.55559
-7.19313	0.56386
-7.18255	0.57203
-7.17198	0.5802
-7.16141	0.58832
-7.15084	0.59613
-7.14026	0.60359
-7.12969	0.61065
-7.11912	0.61729
-7.10854	0.6235
-7.09797	0.62928
-7.0874	0.63465
-7.07682	0.63964
-7.06625	0.64429
-7.05568	0.64867
-7.04511	0.65345
-7.03453	0.65872
-7.02396	0.66397
-7.01339	0.66929
-7.00281	0.67481
-6.99224	0.68062
-6.98167	0.68688
-6.97109	0.69369
-6.96052	0.70121
-6.94995	0.70956
-6.93937	0.71889
-6.9288	0.72931
-6.91823	0.74095
-6.90766	0.75392
-6.89708	0.76833
-6.88651	0.78427
-6.87594	0.80181
-6.86536	0.82101
-6.85479	0.8419
-6.84422	0.86452
-6.83364	0.88885
-6.82307	0.91487
-6.8125	0.94254
-6.80193	0.97179
-6.79135	1.00255
-6.78078	1.0347
-6.77021	1.0681
-6.75963	1.10262
-6.74906	1.13808
-6.73849	1.17431
-6.72791	1.21113
-6.71734	1.24831
-6.70677	1.28565
-6.69619	1.32295
-6.68562	1.35997
-6.67505	1.39651
-6.66448	1.43233
-6.6539	1.46726
-6.64333	1.50109
-6.63276	1.5336
-6.62218	1.56464
-6.61161	1.59405
-6.60104	1.62167
-6.59046	1.64861
-6.57989	1.67474
-6.56932	1.69875
-6.55875	1.72056
-6.54817	1.74011
-6.5376	1.75736
-6.52703	1.7723
-6.51645	1.78494
-6.50588	1.79593
-6.49531	1.80532
-6.48473	1.81255
-6.47416	1.81771
-6.46359	1.82091
-6.45301	1.82247
-6.44244	1.82251
-6.43187	1.821
-6.4213	1.81806
-6.41072	1.81388
-6.40015	1.80864
-6.38958	1.80254
-6.379	1.79572
-6.36843	1.78841
-6.35786	1.78081
-6.34728	1.77311
-6.33671	1.76554
-6.32614	1.75828
-6.31557	1.75155
-6.30499	1.74556
-6.29442	1.74052
-6.28385	1.7366
-6.27327	1.73401
-6.2627	1.73397
-6.25213	1.73664
-6.24155	1.74116
-6.23098	1.74769
-6.22041	1.75638
-6.20983	1.76737
-6.19926	1.78077
-6.18869	1.79669
-6.17812	1.81525
-6.16754	1.83651
-6.15697	1.86058
-6.1464	1.88748
-6.13582	1.91724
-6.12525	1.94988
-6.11468	1.98543
-6.1041	2.02385
-6.09353	2.06511
-6.08296	2.10953
-6.07239	2.15706
-6.06181	2.20715
-6.05124	2.25968
-6.04067	2.31452
-6.03009	2.3715
-6.01952	2.43044
-6.00895	2.49115
-5.99837	2.55342
-5.9878	2.61705
-5.97723	2.6818
-5.96665	2.74745
-5.95608	2.81378
-5.94551	2.88056
-5.93494	2.94758
-5.92436	3.01459
-5.91379	3.08161
-5.90322	3.14843
-5.89264	3.21465
-5.88207	3.28012
-5.8715	3.3453
-5.86092	3.41062
-5.85035	3.47535
-5.83978	3.53939
-5.8292	3.60261
-5.81863	3.66434
-5.80806	3.72512
-5.79749	3.78488
-5.78691	3.84301
-5.77634	3.89946
-5.76577	3.95426
-5.75519	4.00741
-5.74462	4.05894
-5.73405	4.10891
-5.72347	4.15796
-5.7129	4.20616
-5.70233	4.25295
-5.69176	4.2984
-5.68118	4.34256
-5.67061	4.38608
-5.66004	4.42906
-5.64946	4.47092
-5.63889	4.5119
-5.62832	4.55206
-5.61774	4.59118
-5.60717	4.62932
-5.5966	4.66647
-5.58602	4.70263
-5.57545	4.73842
-5.56488	4.77383
-5.55431	4.80824
-5.54373	4.8416
-5.53316	4.87389
-5.52259	4.90507
-5.51201	4.93572
-5.50144	4.96582
-5.49087	4.99485
-5.48029	5.02322
-5.46972	5.05186
-5.45915	5.08031
-5.44858	5.10729
-5.438	5.13273
-5.42743	5.15657
-5.41686	5.17876
-5.40628	5.19925
-5.39571	5.21801
-5.38514	5.23502
-5.37456	5.25086
-5.36399	5.26552
-5.35342	5.27839
-5.34284	5.28985
-5.33227	5.30057
-5.3217	5.31012
-5.31113	5.31792
-5.30055	5.32399
-5.28998	5.32838
-5.27941	5.33112
-5.26883	5.3323
-5.25826	5.33195
-5.24769	5.33016
-5.23711	5.32763
-5.22654	5.32504
-5.21597	5.32189
-5.2054	5.31765
-5.19482	5.31242
-5.18425	5.30691
-5.17368	5.30184
-5.1631	5.29669
-5.15253	5.29178
-5.14196	5.28721
-5.13138	5.28225
-5.12081	5.277
-5.11024	5.27156
-5.09966	5.26603
-5.08909	5.26051
-5.07852	5.25517
-5.06795	5.24999
-5.05737	5.24513
-5.0468	5.24067
-5.03623	5.2367
-5.02565	5.23329
-5.01508	5.23113
-5.00451	5.23025
-4.99393	5.2307
-4.98336	5.23249
-4.97279	5.23503
-4.96222	5.23829
-4.95164	5.24344
-4.94107	5.25044
-4.9305	5.25803
-4.91992	5.26665
-4.90935	5.27622
-4.89878	5.28596
-4.8882	5.29573
-4.87763	5.30537
-4.86706	5.3147
-4.85648	5.32351
-4.84591	5.33163
-4.83534	5.33884
-4.82477	5.34493
-4.81419	5.34971
-4.80362	5.35296
-4.79305	5.35512
-4.78247	5.35598
-4.7719	5.35533
-4.76133	5.35301
-4.75075	5.34823
-4.74018	5.34087
-4.72961	5.3308
-4.71903	5.31792
-4.70846	5.30336
-4.69789	5.2871
-4.68732	5.26847
-4.67674	5.24811
-4.66617	5.22542
-4.6556	5.19984
-4.64502	5.17148
-4.63445	5.14046
-4.62388	5.10694
-4.6133	5.07112
-4.60273	5.03319
-4.59216	4.99342
-4.58159	4.95331
-4.57101	4.91313
-4.56044	4.87255
-4.54987	4.83189
-4.53929	4.79087
-4.52872	4.75041
-4.51815	4.71077
-4.50757	4.67168
-4.497	4.63341
-4.48643	4.59626
-4.47585	4.56049
-4.46528	4.52634
-4.45471	4.49404
-4.44414	4.46382
-4.43356	4.43581
-4.42299	4.41016
-4.41242	4.387
-4.40184	4.36643
-4.39127	4.34846
-4.3807	4.33312
-4.37012	4.32038
-4.35955	4.31019
-4.34898	4.30371
-4.33841	4.3008
-4.32783	4.3003
-4.31726	4.30203
-4.30669	4.30561
-4.29611	4.31083
-4.28554	4.31747
-4.27497	4.3253
-4.26439	4.33407
-4.25382	4.34358
-4.24325	4.3536
-4.23267	4.36389
-4.2221	4.3749
-4.21153	4.38642
-4.20096	4.39766
-4.19038	4.40847
-4.17981	4.41872
-4.16924	4.42828
-4.15866	4.43933
-4.14809	4.45178
-4.13752	4.46334
-4.12694	4.47397
-4.11637	4.48367
-4.1058	4.49247
-4.09523	4.50039
-4.08465	4.50754
-4.07408	4.51396
-4.06351	4.51981
-4.05293	4.52521
-4.04236	4.53027
-4.03179	4.53515
-4.02121	4.54006
-4.01064	4.54634
-4.00007	4.55475
-3.98949	4.56425
-3.97892	4.57435
-3.96835	4.58516
-3.95778	4.59683
-3.9472	4.60943
-3.93663	4.62307
-3.92606	4.63783
-3.91548	4.65375
-3.90491	4.67088
-3.89434	4.68923
-3.88376	4.70883
-3.87319	4.72965
-3.86262	4.75228
-3.85205	4.77665
-3.84147	4.80208
-3.8309	4.82848
-3.82033	4.85573
-3.80975	4.88373
-3.79918	4.91293
-3.78861	4.94318
-3.77803	4.97436
-3.76746	5.00626
-3.75689	5.03872
-3.74631	5.07158
-3.73574	5.10402
-3.72517	5.13587
-3.7146	5.16695
-3.70402	5.1971
-3.69345	5.22676
-3.68288	5.25578
-3.6723	5.28345
-3.66173	5.3102
-3.65116	5.33596
-3.64058	5.36001
-3.63001	5.38228
-3.61944	5.4027
-3.60887	5.42243
-3.59829	5.44148
-3.58772	5.45859
-3.57715	5.47378
-3.56657	5.48703
-3.556	5.49844
-3.54543	5.508
-3.53485	5.51582
-3.52428	5.52259
-3.51371	5.52842
-3.50313	5.5328
-3.49256	5.53584
-3.48199	5.53891
-3.47142	5.5421
-3.46084	5.54495
-3.45027	5.54756
-3.4397	5.54944
-3.42912	5.55128
-3.41855	5.55329
-3.40798	5.55487
-3.3974	5.55615
-3.38683	5.5572
-3.37626	5.55812
-3.36568	5.55899
-3.35511	5.56046
-3.34454	5.56259
-3.33397	5.56482
-3.32339	5.56719
-3.31282	5.56967
-3.30225	5.57228
-3.29167	5.57503
-3.2811	5.5779
-3.27053	5.58149
-3.25995	5.58574
-3.24938	5.59
-3.23881	5.59477
-3.22824	5.60029
-3.21766	5.60624
-3.20709	5.61233
-3.19652	5.61807
-3.18594	5.62401
-3.17537	5.63005
-3.1648	5.63612
-3.15422	5.64217
-3.14365	5.64749
-3.13308	5.65264
-3.1225	5.6576
-3.11193	5.6617
-3.10136	5.66494
-3.09079	5.6673
-3.08021	5.66884
-3.06964	5.6696
-3.05907	5.66963
-3.04849	5.66904
-3.03792	5.66852
-3.02735	5.66821
-3.01677	5.66761
-3.0062	5.66811
-2.99563	5.6699
-2.98506	5.67187
-2.97448	5.67422
-2.96391	5.67715
-2.95334	5.68146
-2.94276	5.68731
-2.93219	5.69514
-2.92162	5.70531
-2.91104	5.71719
-2.90047	5.73073
-2.8899	5.74669
-2.87932	5.7652
-2.86875	5.78578
-2.85818	5.80852
-2.84761	5.83351
-2.83703	5.86078
-2.82646	5.89037
-2.81589	5.92229
-2.80531	5.9565
-2.79474	5.99338
-2.78417	6.03282
-2.77359	6.07431
-2.76302	6.11775
-2.75245	6.16355
-2.74188	6.21173
-2.7313	6.26148
-2.72073	6.31235
-2.71016	6.36409
-2.69958	6.41642
-2.68901	6.46905
-2.67844	6.52176
-2.66786	6.5748
-2.65729	6.62852
-2.64672	6.682
-2.63614	6.73555
-2.62557	6.78887
-2.615	6.84047
-2.60443	6.89007
-2.59385	6.93741
-2.58328	6.98269
-2.57271	7.02565
-2.56213	7.06632
-2.55156	7.10456
-2.54099	7.14021
-2.53041	7.17318
-2.51984	7.20274
-2.50927	7.22885
-2.4987	7.25247
-2.48812	7.27418
-2.47755	7.29298
-2.46698	7.30825
-2.4564	7.32003
-2.44583	7.32898
-2.43526	7.33515
-2.42468	7.33802
-2.41411	7.33767
-2.40354	7.33538
-2.39296	7.33125
-2.38239	7.32414
-2.37182	7.31413
-2.36125	7.3013
-2.35067	7.28634
-2.3401	7.26991
-2.32953	7.25148
-2.31895	7.23045
-2.30838	7.2069
-2.29781	7.18085
-2.28723	7.15235
-2.27666	7.12139
-2.26609	7.08861
-2.25551	7.05404
-2.24494	7.01706
-2.23437	6.97893
-2.2238	6.94003
-2.21322	6.89919
-2.20265	6.85635
-2.19208	6.81155
-2.1815	6.76439
-2.17093	6.71492
-2.16036	6.66317
-2.14978	6.60922
-2.13921	6.55316
-2.12864	6.49569
-2.11807	6.43694
-2.10749	6.37712
-2.09692	6.31629
-2.08635	6.25407
-2.07577	6.1925
-2.0652	6.13177
-2.05463	6.07028
-2.04405	6.00829
-2.03348	5.94661
-2.02291	5.88554
-2.01233	5.82474
-2.00176	5.76449
-1.99119	5.70508
-1.98062	5.64681
-1.97004	5.58996
-1.95947	5.53484
-1.9489	5.48175
-1.93832	5.43095
-1.92775	5.38331
-1.91718	5.3397
-1.9066	5.29973
-1.89603	5.26298
-1.88546	5.22964
-1.87489	5.20045
-1.86431	5.17553
-1.85374	5.15437
-1.84317	5.13701
-1.83259	5.12349
-1.82202	5.11381
-1.81145	5.10797
-1.80087	5.10589
-1.7903	5.10752
-1.77973	5.11275
-1.76915	5.12147
-1.75858	5.13414
-1.74801	5.15061
-1.73744	5.1701
-1.72686	5.19244
-1.71629	5.21739
-1.70572	5.24482
-1.69514	5.27446
-1.68457	5.30733
-1.674	5.34321
-1.66342	5.38126
-1.65285	5.42127
-1.64228	5.46239
-1.63171	5.50441
-1.62113	5.54712
-1.61056	5.59032
-1.59999	5.63382
-1.58941	5.67863
-1.57884	5.72457
-1.56827	5.77027
-1.55769	5.81614
-1.54712	5.86201
-1.53655	5.9071
-1.52597	5.95122
-1.5154	5.99424
-1.50483	6.03598
-1.49426	6.07689
-1.48368	6.1168
-1.47311	6.15496
-1.46254	6.19119
-1.45196	6.2253
-1.44139	6.25755
-1.43082	6.28854
-1.42024	6.31766
-1.40967	6.34393
-1.3991	6.36711
-1.38853	6.38702
-1.37795	6.40402
-1.36738	6.41852
-1.35681	6.42968
-1.34623	6.43667
-1.33566	6.4393
-1.32509	6.43735
-1.31451	6.43062
-1.30394	6.41895
-1.29337	6.40402
-1.28279	6.38564
-1.27222	6.36187
-1.26165	6.3326
-1.25108	6.29774
-1.2405	6.25726
-1.22993	6.21113
-1.21936	6.15938
-1.20878	6.10207
-1.19821	6.03933
-1.18764	5.9731
-1.17706	5.90358
-1.16649	5.82973
-1.15592	5.75176
-1.14535	5.66941
-1.13477	5.58293
-1.1242	5.49328
-1.11363	5.40121
-1.10305	5.30655
-1.09248	5.20988
-1.08191	5.11165
-1.07133	5.01169
-1.06076	4.91047
-1.05019	4.80847
-1.03961	4.70616
-1.02904	4.60464
-1.01847	4.50438
-1.0079	4.40523
-0.99732	4.30768
-0.98675	4.21215
-0.97618	4.11905
-0.9656	4.02879
-0.95503	3.94212
-0.94446	3.85942
-0.93388	3.78057
-0.92331	3.70583
-0.91274	3.63544
-0.90216	3.56959
-0.89159	3.50844
-0.88102	3.45211
-0.87045	3.40067
-0.85987	3.35417
-0.8493	3.31258
-0.83873	3.27588
-0.82815	3.244
-0.81758	3.2168
-0.80701	3.19414
-0.79643	3.17584
-0.78586	3.1629
-0.77529	3.15508
-0.76472	3.15081
-0.75414	3.14986
-0.74357	3.15184
-0.733	3.15643
-0.72242	3.16325
-0.71185	3.17191
-0.70128	3.18203
-0.6907	3.19322
-0.68013	3.20507
-0.66956	3.21716
-0.65898	3.22916
-0.64841	3.24126
-0.63784	3.25306
-0.62727	3.2636
-0.61669	3.27293
-0.60612	3.28069
-0.59555	3.28616
-0.58497	3.28905
-0.5744	3.28906
-0.56383	3.28598
-0.55325	3.27959
-0.54268	3.26972
-0.53211	3.25621
-0.52154	3.23957
-0.51096	3.22033
-0.50039	3.19787
-0.48982	3.17176
-0.47924	3.14204
-0.46867	3.10916
-0.4581	3.07322
-0.44752	3.03376
-0.43695	2.99096
-0.42638	2.94502
-0.4158	2.89615
-0.40523	2.84464
-0.39466	2.79137
-0.38409	2.73666
-0.37351	2.6808
-0.36294	2.6242
-0.35237	2.56655
-0.34179	2.50819
-0.33122	2.4495
-0.32065	2.39082
-0.31007	2.3325
-0.2995	2.27491
-0.28893	2.21835
-0.27836	2.16315
-0.26778	2.1096
-0.25721	2.05803
-0.24664	2.00864
-0.23606	1.96169
-0.22549	1.91736
-0.21492	1.87585
-0.20434	1.83724
-0.19377	1.80168
-0.1832	1.76925
-0.17262	1.73995
-0.16205	1.71381
-0.15148	1.69081
-0.14091	1.67088
-0.13033	1.65394
-0.11976	1.63986
-0.10919	1.62851
-0.09861	1.61975
-0.08804	1.61337
-0.07747	1.60979
-0.06689	1.60879
-0.05632	1.60953
-0.04575	1.61178
-0.03518	1.61527
-0.0246	1.61979
-0.01403	1.62509
-0.00346	1.63094
0.00712	1.6371
0.01769	1.64338
0.02826	1.64959
0.03884	1.65556
0.04941	1.66112
0.05998	1.66614
0.07056	1.67052
0.08113	1.67419
0.0917	1.6775
0.10227	1.68041
0.11285	1.68254
0.12342	1.68389
0.13399	1.68446
0.14457	1.68562
0.15514	1.68741
0.16571	1.68871
0.17629	1.68964
0.18686	1.69034
0.19743	1.69098
0.20801	1.69167
0.21858	1.6926
0.22915	1.69395
0.23972	1.6959
0.2503	1.69861
0.26087	1.70228
0.27144	1.70706
0.28202	1.71314
0.29259	1.72063
0.30316	1.72969
0.31374	1.74042
0.32431	1.75292
0.33488	1.76727
0.34545	1.78352
0.35603	1.8017
0.3666	1.82182
0.37717	1.84385
0.38775	1.86778
0.39832	1.89349
0.40889	1.92094
0.41947	1.95001
0.43004	1.98058
0.44061	2.01313
0.45119	2.04744
0.46176	2.08279
0.47233	2.11897
0.4829	2.15579
0.49348	2.19325
0.50405	2.23118
0.51462	2.26921
0.5252	2.30717
0.53577	2.34486
0.54634	2.38211
0.55692	2.41883
0.56749	2.45492
0.57806	2.49027
0.58863	2.52485
0.59921	2.5586
0.60978	2.59155
0.62035	2.62429
0.63093	2.65688
0.6415	2.68878
0.65207	2.72068
0.66265	2.75331
0.67322	2.78617
0.68379	2.8188
0.69437	2.85135
0.70494	2.88458
0.71551	2.91867
0.72608	2.95319
0.73666	2.98832
0.74723	3.02423
0.7578	3.06111
0.76838	3.09913
0.77895	3.13846
0.78952	3.17925
0.8001	3.22163
0.81067	3.26572
0.82124	3.31164
0.83181	3.35947
0.84239	3.40925
0.85296	3.46109
0.86353	3.51496
0.87411	3.57087
0.88468	3.62882
0.89525	3.68876
0.90583	3.75085
0.9164	3.81502
0.92697	3.88099
0.93755	3.94867
0.94812	4.01835
0.95869	4.09054
0.96926	4.16472
0.97984	4.24013
0.99041	4.31668
1.00098	4.39421
1.01156	4.47262
1.02213	4.5518
1.0327	4.63244
1.04328	4.71503
1.05385	4.79867
1.06442	4.88261
1.07499	4.96697
1.08557	5.05161
1.09614	5.13623
1.10671	5.2207
1.11729	5.30612
1.12786	5.39235
1.13843	5.47803
1.14901	5.563
1.15958	5.64705
1.17015	5.73
1.18073	5.81162
1.1913	5.89168
1.20187	5.97053
1.21244	6.04789
1.22302	6.12342
1.23359	6.1968
1.24416	6.26706
1.25474	6.33403
1.26531	6.39727
1.27588	6.4562
1.28646	6.51039
1.29703	6.55942
1.3076	6.60349
1.31817	6.64219
1.32875	6.6745
1.33932	6.70005
1.34989	6.71849
1.36047	6.73009
1.37104	6.73458
1.38161	6.73112
1.39219	6.7199
1.40276	6.7008
1.41333	6.67333
1.42391	6.63748
1.43448	6.5945
1.44505	6.54692
1.45562	6.49489
1.4662	6.43621
1.47677	6.36985
1.48734	6.29616
1.49792	6.21553
1.50849	6.12838
1.51906	6.03525
1.52964	5.93729
1.54021	5.83512
1.55078	5.72877
1.56136	5.61895
1.57193	5.50635
1.5825	5.39173
1.59307	5.27587
1.60365	5.16012
1.61422	5.04526
1.62479	4.93142
1.63537	4.81937
1.64594	4.70983
1.65651	4.60349
1.66709	4.50103
1.67766	4.40307
1.68823	4.3102
1.6988	4.22295
1.70938	4.14243
1.71995	4.06906
1.73052	4.00261
1.7411	3.94338
1.75167	3.89163
1.76224	3.84755
1.77282	3.81188
1.78339	3.78464
1.79396	3.76527
1.80454	3.75367
1.81511	3.74974
1.82568	3.75329
1.83625	3.76411
1.84683	3.78191
1.8574	3.80638
1.86797	3.83715
1.87855	3.87381
1.88912	3.91594
1.89969	3.96306
1.91027	4.01466
1.92084	4.07024
1.93141	4.12926
1.94198	4.19115
1.95256	4.25535
1.96313	4.3213
1.9737	4.38905
1.98428	4.45861
1.99485	4.52942
2.00542	4.60029
2.016	4.67005
2.02657	4.73815
2.03714	4.80406
2.04772	4.86731
2.05829	4.92742
2.06886	4.98455
2.07943	5.0383
2.09001	5.08768
2.10058	5.13237
2.11115	5.17206
2.12173	5.2065
2.1323	5.2367
2.14287	5.26245
2.15345	5.28244
2.16402	5.29714
2.17459	5.30768
2.18516	5.31345
2.19574	5.31321
2.20631	5.30698
2.21688	5.29482
2.22746	5.27684
2.23803	5.25321
2.2486	5.22405
2.25918	5.18999
2.26975	5.15166
2.28032	5.10887
2.2909	5.06152
2.30147	5.00986
2.31204	4.95419
2.32261	4.89483
2.33319	4.8325
2.34376	4.76811
2.35433	4.70157
2.36491	4.63258
2.37548	4.56151
2.38605	4.48985
2.39663	4.41787
2.4072	4.34462
2.41777	4.27036
2.42834	4.19533
2.43892	4.11975
2.44949	4.04382
2.46006	3.96836
2.47064	3.89353
2.48121	3.81887
2.49178	3.7445
2.50236	3.67054
2.51293	3.59707
2.5235	3.52416
2.53408	3.45189
2.54465	3.38031
2.55522	3.30945
2.56579	3.23933
2.57637	3.16999
2.58694	3.10142
2.59751	3.03407
2.60809	2.96792
2.61866	2.9026
2.62923	2.8381
2.63981	2.77447
2.65038	2.71172
2.66095	2.64989
2.67153	2.58902
2.6821	2.5298
2.69267	2.47287
2.70324	2.41774
2.71382	2.36446
2.72439	2.31312
2.73496	2.2632
2.74554	2.21481
2.75611	2.16805
2.76668	2.12305
2.77726	2.07992
2.78783	2.03878
2.7984	1.99976
2.80897	1.96298
2.81955	1.92854
2.83012	1.89654
2.84069	1.86707
2.85127	1.84021
2.86184	1.816
2.87241	1.79448
2.88299	1.77566
2.89356	1.7595
2.90413	1.74598
2.91471	1.73503
2.92528	1.72656
2.93585	1.72043
2.94642	1.71648
2.957	1.71455
2.96757	1.71443
2.97814	1.7159
2.98872	1.7187
2.99929	1.72258
3.00986	1.72726
3.02044	1.73245
3.03101	1.73787
3.04158	1.7432
3.05215	1.74814
3.06273	1.75243
3.0733	1.75598
3.08387	1.75848
3.09445	1.75949
3.10502	1.75879
3.11559	1.75674
3.12617	1.75354
3.13674	1.7484
3.14731	1.74076
3.15789	1.7311
3.16846	1.7193
3.17903	1.70467
3.1896	1.68718
3.20018	1.66682
3.21075	1.64359
3.22132	1.61755
3.2319	1.58878
3.24247	1.55737
3.25304	1.52346
3.26362	1.4872
3.27419	1.44879
3.28476	1.40841
3.29533	1.36687
3.30591	1.32437
3.31648	1.28059
3.32705	1.23572
3.33763	1.19001
3.3482	1.14369
3.35877	1.09701
3.36935	1.05021
3.37992	1.00351
3.39049	0.95716
3.40107	0.91137
3.41164	0.86635
3.42221	0.82231
3.43278	0.77942
3.44336	0.73786
3.45393	0.6978
3.4645	0.65938
3.47508	0.62274
3.48565	0.58798
3.49622	0.55521
3.5068	0.52451
3.51737	0.49595
3.52794	0.4696
3.53851	0.44549
3.54909	0.42365
3.55966	0.4041
3.57023	0.38683
3.58081	0.37185
3.59138	0.35912
3.60195	0.34861
3.61253	0.34028
3.6231	0.33409
3.63367	0.32996
3.64425	0.32785
3.65482	0.32765
3.66539	0.32929
3.67596	0.33269
3.68654	0.33773
3.69711	0.34435
3.70768	0.35241
3.71826	0.36178
3.72883	0.37238
3.7394	0.38408
3.74998	0.39676
3.76055	0.4103
3.77112	0.42458
3.78169	0.43946
3.79227	0.45484
3.80284	0.47057
3.81341	0.48654
3.82399	0.50263
3.83456	0.51873
3.84513	0.53471
3.85571	0.55046
3.86628	0.56589
3.87685	0.58089
3.88743	0.59538
3.898	0.60967
3.90857	0.62368
3.91914	0.63694
3.92972	0.64939
3.94029	0.66098
3.95086	0.67166
3.96144	0.68141
3.97201	0.69022
3.98258	0.69809
3.99316	0.70503
4.00373	0.71107
4.0143	0.71626
4.02488	0.72065
4.03545	0.7243
4.04602	0.72731
4.05659	0.72979
4.06717	0.73183
4.07774	0.73416
4.08831	0.73691
4.09889	0.73961
4.10946	0.74239
4.12003	0.74541
4.13061	0.74879
4.14118	0.75273
4.15175	0.75733
4.16232	0.76277
4.1729	0.76921
4.18347	0.77677
4.19404	0.78562
4.20462	0.79586
4.21519	0.80762
4.22576	0.82102
4.23634	0.83613
4.24691	0.85304
4.25748	0.87179
4.26806	0.89241
4.27863	0.91493
4.2892	0.93932
4.29977	0.96556
4.31035	0.99358
4.32092	1.0233
4.33149	1.0546
4.34207	1.08736
4.35264	1.12141
4.36321	1.15658
4.37379	1.19266
4.38436	1.22944
4.39493	1.26666
4.4055	1.30409
4.41608	1.34165
4.42665	1.37906
4.43722	1.41583
4.4478	1.45169
4.45837	1.48636
4.46894	1.5195
4.47952	1.55087
4.49009	1.5802
4.50066	1.60723
4.51124	1.63215
4.52181	1.65472
4.53238	1.67435
4.54295	1.69086
4.55353	1.70413
4.5641	1.71403
4.57467	1.7205
4.58525	1.72349
4.59582	1.723
4.60639	1.71906
4.61697	1.71294
4.62754	1.70532
4.63811	1.69511
4.64868	1.68182
4.65926	1.66562
4.66983	1.64669
4.6804	1.62523
4.69098	1.6015
4.70155	1.57573
4.71212	1.54818
4.7227	1.51913
4.73327	1.48888
4.74384	1.45771
4.75442	1.42591
4.76499	1.39377
4.77556	1.36158
4.78613	1.32961
4.79671	1.29812
4.80728	1.26737
4.81785	1.23757
4.82843	1.20896
4.839	1.18172
4.84957	1.15603
4.86015	1.13204
4.87072	1.10987
4.88129	1.08965
4.89186	1.07146
4.90244	1.05537
4.91301	1.04143
4.92358	1.02967
4.93416	1.02011
4.94473	1.01274
4.9553	1.00756
4.96588	1.00455
4.97645	1.00367
4.98702	1.00488
4.9976	1.0081
5.00817	1.01333
5.01874	1.02048
5.02931	1.02949
5.03989	1.0405
5.05046	1.05344
5.06103	1.06865
5.07161	1.08604
5.08218	1.10492
5.09275	1.12522
5.10333	1.14684
5.1139	1.16968
5.12447	1.19367
5.13505	1.2187
5.14562	1.24468
5.15619	1.27149
5.16676	1.29905
5.17734	1.32723
5.18791	1.35591
5.19848	1.38498
5.20906	1.41431
5.21963	1.44377
5.2302	1.47322
5.24078	1.50252
5.25135	1.53153
5.26192	1.56011
5.27249	1.58811
5.28307	1.61538
5.29364	1.64178
5.30421	1.66717
5.31479	1.69141
5.32536	1.71438
5.33593	1.73598
5.34651	1.75605
5.35708	1.77451
5.36765	1.79126
5.37823	1.80745
5.3888	1.82299
5.39937	1.8366
5.40994	1.84822
5.42052	1.85782
5.43109	1.86596
5.44166	1.87264
5.45224	1.87724
5.46281	1.87977
5.47338	1.88025
5.48396	1.87872
5.49453	1.87523
5.5051	1.86983
5.51567	1.86259
5.52625	1.85359
5.53682	1.84289
5.54739	1.83062
5.55797	1.81687
5.56854	1.80173
5.57911	1.7853
5.58969	1.76767
5.60026	1.74895
5.61083	1.72985
5.62141	1.71045
5.63198	1.69024
5.64255	1.66929
5.65312	1.64769
5.6637	1.62551
5.67427	1.60282
5.68484	1.5797
5.69542	1.55622
5.70599	1.53243
5.71656	1.50841
5.72714	1.48483
5.73771	1.46174
5.74828	1.43859
5.75885	1.41545
5.76943	1.39235
5.78	1.36937
5.79057	1.34657
5.80115	1.324
5.81172	1.30173
5.82229	1.27982
5.83287	1.25837
5.84344	1.23742
5.85401	1.21706
5.86459	1.19734
5.87516	1.17836
5.88573	1.16018
5.8963	1.14347
5.90688	1.1283
5.91745	1.11411
5.92802	1.10096
5.9386	1.08886
5.94917	1.07786
5.95974	1.06797
5.97032	1.0592
5.98089	1.05155
5.99146	1.04502
6.00203	1.03959
6.01261	1.0352
6.02318	1.03181
6.03375	1.02935
6.04433	1.02775
6.0549	1.02693
6.06547	1.02678
6.07605	1.02719
6.08662	1.02805
6.09719	1.02922
6.10777	1.03058
6.11834	1.03198
6.12891	1.0333
6.13948	1.03438
6.15006	1.0351
6.16063	1.03532
6.1712	1.03492
6.18178	1.03379
6.19235	1.03181
6.20292	1.02889
6.2135	1.02495
6.22407	1.01993
6.23464	1.01379
6.24521	1.0065
6.25579	0.99926
6.26636	0.99209
6.27693	0.98379
6.28751	0.97437
6.29808	0.96389
6.30865	0.95246
6.31923	0.94014
6.3298	0.92705
6.34037	0.91331
6.35095	0.89905
6.36152	0.88443
6.37209	0.86962
6.38266	0.85477
6.39324	0.84006
6.40381	0.82566
6.41438	0.81175
6.42496	0.79849
6.43553	0.78605
6.4461	0.77458
6.45668	0.76424
6.46725	0.75516
6.47782	0.74744
6.4884	0.7412
6.49897	0.73652
6.50954	0.73346
6.52011	0.73206
6.53069	0.73235
6.54126	0.73436
6.55183	0.73805
6.56241	0.74339
6.57298	0.75033
6.58355	0.7588
6.59413	0.76871
6.6047	0.77997
6.61527	0.79245
6.62584	0.80604
6.63642	0.82059
6.64699	0.83597
6.65756	0.85205
6.66814	0.86866
6.67871	0.88568
6.68928	0.90294
6.69986	0.92033
6.71043	0.9377
6.721	0.95493
6.73158	0.97192
6.74215	0.98856
6.75272	1.00538
6.76329	1.0223
6.77387	1.03865
6.78444	1.05438
6.79501	1.06945
6.80559	1.08385
6.81616	1.09757
6.82673	1.11063
6.83731	1.12305
6.84788	1.13547
6.85845	1.14794
6.86902	1.15991
6.8796	1.17143
6.89017	1.18257
6.90074	1.1934
6.91132	1.20399
6.92189	1.21442
6.93246	1.22475
6.94304	1.23507
6.95361	1.24544
6.96418	1.25591
6.97476	1.26653
6.98533	1.27735
6.9959	1.2884
7.00647	1.2997
7.01705	1.31125
7.02762	1.32304
7.03819	1.33505
7.04877	1.34724
7.05934	1.35958
7.06991	1.372
7.08049	1.3844
7.09106	1.39672
7.10163	1.40945
7.1122	1.42249
7.12278	1.43511
7.13335	1.44717
7.14392	1.45854
7.1545	1.46909
7.16507	1.47867
7.17564	1.48715
7.18622	1.49441
7.19679	1.50033
7.20736	1.50478
7.21794	1.50766
7.22851	1.50889
7.23908	1.50837
7.24965	1.50606
7.26023	1.50251
7.2708	1.49771
7.28137	1.49099
7.29195	1.48238
7.30252	1.4723
7.31309	1.46078
7.32367	1.44746
7.33424	1.43241
7.34481	1.41573
7.35538	1.39751
7.36596	1.3779
7.37653	1.35699
7.3871	1.33555
7.39768	1.31374
7.40825	1.29111
7.41882	1.26782
7.4294	1.24405
7.43997	1.21997
7.45054	1.19576
7.46112	1.17159
7.47169	1.14764
7.48226	1.12411
7.49283	1.10111
7.50341	1.07883
7.51398	1.05742
7.52455	1.03701
7.53513	1.01775
7.5457	0.99976
7.55627	0.98314
7.56685	0.96799
7.57742	0.95439
7.58799	0.94242
7.59857	0.93214
7.60914	0.9236
7.61971	0.91684
7.63028	0.91188
7.64086	0.90875
7.65143	0.90746
7.662	0.90799
7.67258	0.91034
7.68315	0.91452
7.69372	0.9205
7.7043	0.92824
7.71487	0.93771
7.72544	0.9489
7.73601	0.96235
7.74659	0.97803
7.75716	0.99527
7.76773	1.014
7.77831	1.0342
7.78888	1.05579
7.79945	1.0787
7.81003	1.10286
7.8206	1.12822
7.83117	1.1547
7.84175	1.18223
7.85232	1.21074
7.86289	1.24016
7.87346	1.27042
7.88404	1.30143
7.89461	1.33312
7.90518	1.36542
7.91576	1.39823
7.92633	1.43147
7.9369	1.46508
7.94748	1.49895
7.95805	1.53301
7.96862	1.56717
7.97919	1.60135
7.98977	1.63607
8.00034	1.67123
8.01091	1.70615
8.02149	1.74071
8.03206	1.77485
8.04263	1.80846
8.05321	1.84146
8.06378	1.87374
8.07435	1.90523
8.08493	1.93603
8.0955	1.96667
8.10607	1.99684
8.11664	2.02584
8.12722	2.05358
8.13779	2.07994
8.14836	2.10483
8.15894	2.12814
8.16951	2.14978
8.18008	2.16964
8.19066	2.18804
8.20123	2.20486
8.2118	2.21958
8.22237	2.2321
8.23295	2.24233
8.24352	2.25015
8.25409	2.25547
8.26467	2.25819
8.27524	2.25822
8.28581	2.25609
8.29639	2.25172
8.30696	2.24441
8.31753	2.23414
8.32811	2.22082
8.33868	2.20444
8.34925	2.18496
8.35982	2.16238
8.3704	2.13672
8.38097	2.108
8.39154	2.07628
8.40212	2.04283
8.41269	2.00774
8.42326	1.96988
8.43384	1.92937
8.44441	1.88632
8.45498	1.84089
8.46555	1.79324
8.47613	1.74418
8.4867	1.69387
8.49727	1.64193
8.50785	1.58857
8.51842	1.53402
8.52899	1.4785
8.53957	1.42228
8.55014	1.36558
8.56071	1.30866
8.57129	1.25178
8.58186	1.19517
8.59243	1.13909
8.603	1.08378
8.61358	1.02946
8.62415	0.97636
8.63472	0.92468
8.6453	0.87462
8.65587	0.82636
8.66644	0.78009
8.67702	0.73594
8.68759	0.69405
8.69816	0.65453
8.70873	0.6175
8.71931	0.58303
8.72988	0.55118
8.74045	0.52201
8.75103	0.49554
8.7616	0.4718
8.77217	0.45078
8.78275	0.43246
8.79332	0.41683
8.80389	0.40383
8.81447	0.39343
8.82504	0.38555
8.83561	0.38012
8.84618	0.37706
8.85676	0.37629
8.86733	0.37774
8.8779	0.38127
8.88848	0.38679
8.89905	0.39421
8.90962	0.4034
8.9202	0.4143
8.93077	0.42677
8.94134	0.44073
8.95192	0.45607
8.96249	0.47269
8.97306	0.4905
8.98363	0.50942
8.99421	0.52935
9.00478	0.55022
9.01535	0.57195
9.02593	0.59448
9.0365	0.61776
9.04707	0.64169
9.05765	0.66624
9.06822	0.69135
9.07879	0.71697
9.08936	0.74305
9.09994	0.76955
9.11051	0.79702
9.12108	0.82543
9.13166	0.85411
9.14223	0.88299
9.1528	0.91203
9.16338	0.94115
9.17395	0.9703
9.18452	0.9994
9.1951	1.02839
9.20567	1.05717
9.21624	1.08569
9.22681	1.11386
9.23739	1.14158
9.24796	1.16877
9.25853	1.19535
9.26911	1.22121
9.27968	1.24627
9.29025	1.27044
9.30083	1.29364
9.3114	1.31577
9.32197	1.33676
9.33254	1.35657
9.34312	1.37511
9.35369	1.39234
9.36426	1.40823
9.37484	1.42272
9.38541	1.43582
9.39598	1.44811
9.40656	1.45964
9.41713	1.46978
9.4277	1.47859
9.43828	1.48649
9.44885	1.49355
9.45942	1.50002
9.46999	1.50598
9.48057	1.5109
9.49114	1.51485
9.50171	1.51792
9.51229	1.52021
9.52286	1.52181
9.53343	1.52282
9.54401	1.52333
9.55458	1.52345
9.56515	1.52325
9.57572	1.52283
9.5863	1.52226
9.59687	1.5216
9.60744	1.52089
9.61802	1.5202
9.62859	1.51953
9.63916	1.51892
9.64974	1.51835
9.66031	1.51783
9.67088	1.51733
9.68146	1.51681
9.69203	1.51622
9.7026	1.51553
9.71317	1.51465
9.72375	1.51352
9.73432	1.51207
9.74489	1.51023
9.75547	1.50792
9.76604	1.50507
9.77661	1.5016
9.78719	1.49867
9.79776	1.4962
9.80833	1.49291
9.8189	1.48875
9.82948	1.48367
9.84005	1.47763
9.85062	1.47061
9.8612	1.46262
9.87177	1.45364
9.88234	1.44371
9.89292	1.43286
9.90349	1.42114
9.91406	1.40862
9.92464	1.39537
9.93521	1.38147
9.94578	1.36702
9.95635	1.35274
9.96693	1.3387
9.9775	1.32443
9.98807	1.31
9.99865	1.29554
10.00922	1.28115
10.01979	1.26691
10.03037	1.25293
10.04094	1.23931
10.05151	1.22613
10.06209	1.21346
10.07266	1.20137
10.08323	1.18991
10.0938	1.17913
10.10438	1.16927
10.11495	1.16036
10.12552	1.15219
10.1361	1.14478
10.14667	1.13811
10.15724	1.13216
10.16782	1.1269
10.17839	1.12229
10.18896	1.1183
10.19953	1.11485
10.21011	1.11191
10.22068	1.10942
10.23125	1.1073
10.24183	1.10549
10.2524	1.10393
10.26297	1.10257
10.27355	1.10132
10.28412	1.10076
10.29469	1.1008
10.30527	1.1008
10.31584	1.10069
10.32641	1.10044
10.33698	1.10001
10.34756	1.09957
10.35813	1.09908
10.3687	1.09834
10.37928	1.09734
10.38985	1.09608
10.40042	1.09457
10.411	1.09282
10.42157	1.09086
10.43214	1.08872
10.44271	1.08642
10.45329	1.084
10.46386	1.08152
10.47443	1.07901
10.48501	1.07652
10.49558	1.07409
10.50615	1.07237
10.51673	1.07139
10.5273	1.07058
10.53787	1.06996
10.54845	1.06953
10.55902	1.0693
10.56959	1.06928
10.58016	1.06946
10.59074	1.06981
10.60131	1.07031
10.61188	1.07093
10.62246	1.07162
10.63303	1.07234
10.6436	1.07301
10.65418	1.07357
10.66475	1.07395
10.67532	1.07406
10.68589	1.07384
10.69647	1.07318
10.70704	1.07198
10.71761	1.07021
10.72819	1.06775
10.73876	1.06451
10.74933	1.06043
10.75991	1.05542
10.77048	1.04944
10.78105	1.04303
10.79163	1.03616
10.8022	1.02817
10.81277	1.01903
10.82334	1.00874
10.83392	0.99729
10.84449	0.98473
10.85506	0.97106
10.86564	0.95635
10.87621	0.94126
10.88678	0.92589
10.89736	0.9097
10.90793	0.8928
10.9185	0.8753
10.92907	0.85732
10.93965	0.839
10.95022	0.82048
10.96079	0.80191
10.97137	0.78345
10.98194	0.76526
10.99251	0.74752
11.00309	0.73034
11.01366	0.71391
11.02423	0.69838
11.03481	0.68391
11.04538	0.67064
11.05595	0.65869
11.06652	0.64819
11.0771	0.63927
11.08767	0.63202
11.09824	0.62653
11.10882	0.62288
11.11939	0.62116
11.12996	0.62137
11.14054	0.62359
11.15111	0.62783
11.16168	0.6341
11.17225	0.64241
11.18283	0.65274
11.1934	0.66507
11.20397	0.67935
11.21455	0.69558
11.22512	0.71368
11.23569	0.73359
11.24627	0.75525
11.25684	0.7786
11.26741	0.80354
11.27799	0.83001
11.28856	0.85792
11.29913	0.88718
11.3097	0.9177
11.32028	0.9494
11.33085	0.98217
11.34142	1.01593
11.352	1.05119
11.36257	1.08785
11.37314	1.12521
11.38372	1.16316
11.39429	1.2016
11.40486	1.24042
11.41544	1.27954
11.42601	1.31883
11.43658	1.35823
11.44715	1.39764
11.45773	1.43695
11.4683	1.47607
11.47887	1.51493
11.48945	1.55342
11.50002	1.59148
11.51059	1.62901
11.52117	1.66594
11.53174	1.7022
11.54231	1.73771
11.55288	1.773
11.56346	1.80803
11.57403	1.84208
11.5846	1.87511
11.59518	1.90704
11.60575	1.93781
11.61632	1.96736
11.6269	1.99563
11.63747	2.02319
11.64804	2.04998
11.65862	2.07533
11.66919	2.09919
11.67976	2.12152
11.69033	2.14227
11.70091	2.16138
11.71148	2.17944
11.72205	2.1964
11.73263	2.2116
11.7432	2.22501
11.75377	2.23658
11.76435	2.24648
11.77492	2.25467
11.78549	2.26092
11.79606	2.26519
11.80664	2.26747
11.81721	2.26774
11.82778	2.26597
11.83836	2.26216
11.84893	2.25631
11.8595	2.24841
11.87008	2.23846
11.88065	2.2265
11.89122	2.21254
11.9018	2.19681
11.91237	2.18056
11.92294	2.16363
11.93351	2.14484
11.94409	2.12425
11.95466	2.10187
11.96523	2.07778
11.97581	2.05205
11.98638	2.02476
11.99695	1.99599
12.00753	1.96584
12.0181	1.93442
12.02867	1.90183
12.03924	1.8688
12.04982	1.83547
12.06039	1.80132
12.07096	1.76649
12.08154	1.7311
12.09211	1.69528
12.10268	1.65917
12.11326	1.6229
12.12383	1.58659
12.1344	1.55038
12.14498	1.51439
12.15555	1.47876
12.16612	1.4436
12.17669	1.40903
12.18727	1.37517
12.19784	1.34212
12.20841	1.31059
12.21899	1.28067
12.22956	1.25184
12.24013	1.22417
12.25071	1.19772
12.26128	1.17257
12.27185	1.14875
12.28242	1.12633
12.293	1.10536
12.30357	1.08587
12.31414	1.0679
12.32472	1.05149
12.33529	1.03666
12.34586	1.02345
12.35644	1.01187
12.36701	1.00196
12.37758	0.99373
12.38816	0.98721
12.39873	0.98241
12.4093	0.97936
12.41987	0.97806
12.43045	0.97854
12.44102	0.9808
12.45159	0.98485
12.46217	0.9907
12.47274	0.99835
12.48331	1.00841
12.49389	1.02087
12.50446	1.03508
12.51503	1.05102
12.52561	1.06865
12.53618	1.08791
12.54675	1.10874
12.55732	1.13106
12.5679	1.15482
12.57847	1.17989
12.58904	1.20617
12.59962	1.23354
12.61019	1.26185
12.62076	1.29095
12.63134	1.32067
12.64191	1.35086
12.65248	1.38129
12.66305	1.41179
12.67363	1.44211
12.6842	1.47206
12.69477	1.50138
12.70535	1.52986
12.71592	1.55725
12.72649	1.5833
12.73707	1.60779
12.74764	1.63046
12.75821	1.65111
12.76879	1.67011
12.77936	1.68725
12.78993	1.70173
12.8005	1.71335
12.81108	1.72195
12.82165	1.72739
12.83222	1.72952
12.8428	1.72829
12.85337	1.72361
12.86394	1.71665
12.87452	1.70737
12.88509	1.69457
12.89566	1.67826
12.90623	1.6585
12.91681	1.63536
12.92738	1.60895
12.93795	1.5794
12.94853	1.54686
12.9591	1.5115
12.96967	1.47415
12.98025	1.435
12.99082	1.39366
13.00139	1.35037
13.01197	1.30537
13.02254	1.25891
13.03311	1.21123
13.04368	1.1626
13.05426	1.11326
13.06483	1.06347
13.0754	1.01348
13.08598	0.96351
13.09655	0.91379
13.10712	0.86455
13.1177	0.81597
13.12827	0.76824
13.13884	0.72156
13.14941	0.67605
13.15999	0.63186
13.17056	0.58912
13.18113	0.54791
13.19171	0.50834
13.20228	0.47046
13.21285	0.43432
13.22343	0.39997
13.234	0.36742
13.24457	0.33669
13.25515	0.30775
13.26572	0.28061
13.27629	0.25522
13.28686	0.23154
13.29744	0.20954
13.30801	0.18915
13.31858	0.17032
13.32916	0.15298
13.33973	0.13706
13.3503	0.12248
13.36088	0.10918
13.37145	0.09708
13.38202	0.0861
13.39259	0.07617
13.40317	0.0672
13.41374	0.05915
13.42431	0.05193
13.43489	0.04547
13.44546	0.03972
13.45603	0.0346
13.46661	0.03007
13.47718	0.02607
13.48775	0.02254
13.49833	0.01944
13.5089	0.01672
13.51947	0.01435
13.53004	0.01229
13.54062	0.01049
13.55119	0.00894
13.56176	0.0076
13.57234	0.00645
13.58291	0.00547
13.59348	0.00463
13.60406	0.00391
13.61463	0.00331
13.6252	0.00281
13.63577	0.00239
13.64635	0.00205
13.65692	0.00177
13.66749	0.00155
13.67807	0.00138
13.68864	0.00125
13.69921	0.00117
13.70979	0.00114
13.72036	0.00114
13.73093	0.00118
13.74151	0.00126
13.75208	0.00137
13.76265	0.00152
13.77322	0.00171
13.7838	0.00192
13.79437	0.0022
13.80494	0.00253
13.81552	0.00291
13.82609	0.00335
13.83666	0.00386
13.84724	0.00443
13.85781	0.00507
13.86838	0.0058
13.87896	0.00662
13.88953	0.00752
13.9001	0.00854
13.91067	0.00967
13.92125	0.01092
13.93182	0.0123
13.94239	0.01381
13.95297	0.01547
13.96354	0.01728
13.97411	0.01924
13.98469	0.02136
13.99526	0.02366
14.00583	0.02613
14.0164	0.02877
14.02698	0.03159
14.03755	0.0346
14.04812	0.03778
14.0587	0.04114
14.06927	0.04468
14.07984	0.04838
14.09042	0.05225
14.10099	0.05627
14.11156	0.06042
14.12214	0.0647
14.13271	0.0691
14.14328	0.07358
14.15385	0.07814
14.16443	0.08274
14.175	0.08738
14.18557	0.09202
14.19615	0.09663
14.20672	0.10119
14.21729	0.10567
14.22787	0.11004
14.23844	0.11427
14.24901	0.11833
14.25958	0.1222
14.27016	0.12584
14.28073	0.12922
14.2913	0.13233
14.30188	0.13513
14.31245	0.13761
14.32302	0.13974
14.3336	0.14151
14.34417	0.1429
14.35474	0.1439
14.36532	0.1445
14.37589	0.14471
14.38646	0.14471
14.39703	0.1445
14.40761	0.1439
14.41818	0.1429
14.42875	0.14151
14.43933	0.13974
14.4499	0.13761
14.46047	0.13513
14.47105	0.13233
14.48162	0.12922
14.49219	0.12584
14.50276	0.1222
14.51334	0.11833
14.52391	0.11427
14.53448	0.11004
14.54506	0.10567
14.55563	0.10119
14.5662	0.09663
14.57678	0.09202
14.58735	0.08738
14.59792	0.08274
14.6085	0.07814
14.61907	0.07358
14.62964	0.0691
14.64021	0.0647
14.65079	0.06042
14.66136	0.05627
14.67193	0.05225
14.68251	0.04838
14.69308	0.04468
14.70365	0.04114
14.71423	0.03778
14.7248	0.0346
14.73537	0.03159
14.74594	0.02877
14.75652	0.02613
14.76709	0.02366
14.77766	0.02136
14.78824	0.01924
14.79881	0.01728
14.80938	0.01547
14.81996	0.01381
14.83053	0.0123
14.8411	0.01092
14.85168	0.00967
14.86225	0.00854
14.87282	0.00752
14.88339	0.00661
14.89397	0.00578
14.90454	0.00505
14.91511	0.0044
14.92569	0.00382
14.93626	0.00331
14.94683	0.00286
14.95741	0.00246
14.96798	0.00211
14.97855	0.00181
14.98912	0.00154
14.9997	0.00132
15.01027	0.00112
15.02084	9.45719E-4
15.03142	7.98603E-4
15.04199	6.7249E-4
15.05256	5.64713E-4
15.06314	4.72885E-4
15.07371	3.94884E-4
15.08428	3.28828E-4
15.09486	2.73059E-4
15.10543	2.26115E-4
15.116	1.86719E-4
15.12657	1.53756E-4
15.13715	1.2626E-4
15.14772	1.03391E-4
15.15829	8.44279E-5
16.38477	0
