-57.66581	0
-57.65524	0
-56.57727	1.2812E-4
-56.5667	1.62667E-4
-56.55614	2.05953E-4
-56.54557	2.60031E-4
-56.535	3.27392E-4
-56.52443	4.11054E-4
-56.51386	5.14657E-4
-56.50329	6.42574E-4
-56.49273	8.00049E-4
-56.48216	9.93338E-4
-56.47159	0.00123
-56.46102	0.00152
-56.45045	0.00187
-56.43988	0.0023
-56.42932	0.00281
-56.41875	0.00343
-56.40818	0.00418
-56.39761	0.00507
-56.38704	0.00614
-56.37647	0.00742
-56.36591	0.00893
-56.35534	0.01072
-56.34477	0.01284
-56.3342	0.01533
-56.32363	0.01825
-56.31306	0.02167
-56.3025	0.02566
-56.29193	0.0303
-56.28136	0.03567
-56.27079	0.04188
-56.26022	0.04904
-56.24966	0.05726
-56.23909	0.06667
-56.22852	0.07742
-56.21795	0.08964
-56.20738	0.1035
-56.19681	0.11918
-56.18625	0.13684
-56.17568	0.15669
-56.16511	0.17891
-56.15454	0.20371
-56.14397	0.23131
-56.1334	0.26191
-56.12284	0.29574
-56.11227	0.333
-56.1017	0.37391
-56.09113	0.41868
-56.08056	0.4675
-56.06999	0.52056
-56.05943	0.57802
-56.04886	0.64004
-56.03829	0.70673
-56.02772	0.7782
-56.01715	0.8545
-56.00658	0.93567
-55.99602	1.0217
-55.98545	1.11252
-55.97488	1.20804
-55.96431	1.30811
-55.95374	1.41251
-55.94317	1.52099
-55.93261	1.63323
-55.92204	1.74887
-55.91147	1.86748
-55.9009	1.98857
-55.89033	2.1116
-55.87976	2.236
-55.8692	2.36112
-55.85863	2.48629
-55.84806	2.6108
-55.83749	2.7339
-55.82692	2.85482
-55.81635	2.97278
-55.80579	3.08698
-55.79522	3.19662
-55.78465	3.30093
-55.77408	3.39914
-55.76351	3.49052
-55.75294	3.57435
-55.74238	3.64999
-55.73181	3.71684
-55.72124	3.77437
-55.71067	3.82209
-55.7001	3.85963
-55.68953	3.88666
-55.67897	3.90298
-55.6684	3.90843
-55.65783	3.90843
-55.64726	3.90298
-55.63669	3.88666
-55.62612	3.85963
-55.61556	3.82209
-55.60499	3.77437
-55.59442	3.71684
-55.58385	3.64999
-55.57328	3.57435
-55.56271	3.49052
-55.55215	3.39914
-55.54158	3.30093
-55.53101	3.19662
-55.52044	3.08698
-55.50987	2.97278
-55.4993	2.85482
-55.48874	2.7339
-55.47817	2.6108
-55.4676	2.48629
-55.45703	2.36112
-55.44646	2.236
-55.43589	2.1116
-55.42533	1.98857
-55.41476	1.86748
-55.40419	1.74887
-55.39362	1.63323
-55.38305	1.52099
-55.37248	1.41251
-55.36192	1.30811
-55.35135	1.20804
-55.34078	1.11252
-55.33021	1.0217
-55.31964	0.93567
-55.30907	0.8545
-55.29851	0.7782
-55.28794	0.70673
-55.27737	0.64004
-55.2668	0.57802
-55.25623	0.52056
-55.24566	0.4675
-55.2351	0.41868
-55.22453	0.37391
-55.21396	0.333
-55.20339	0.29574
-55.19282	0.26191
-55.18226	0.23131
-55.17169	0.20371
-55.16112	0.17891
-55.15055	0.15669
-55.13998	0.13684
-55.12941	0.11918
-55.11885	0.1035
-55.10828	0.08964
-55.09771	0.07742
-55.08714	0.06667
-55.07657	0.05726
-55.066	0.04904
-55.05544	0.04188
-55.04487	0.03567
-55.0343	0.0303
-55.02373	0.02566
-55.01316	0.02167
-55.00259	0.01825
-54.99203	0.01533
-54.98146	0.01284
-54.97089	0.01072
-54.96032	0.00893
-54.94975	0.00742
-54.93918	0.00614
-54.92862	0.00507
-54.91805	0.00418
-54.90748	0.00343
-54.89691	0.00281
-54.88634	0.0023
-54.87577	0.00187
-54.86521	0.00152
-54.85464	0.00123
-54.84407	9.93338E-4
-54.8335	8.00049E-4
-54.82293	6.42574E-4
-54.81236	5.14657E-4
-54.8018	4.11054E-4
-54.79123	3.27392E-4
-54.78066	2.60031E-4
-54.77009	2.05953E-4
-54.75952	1.62667E-4
-54.74895	1.2812E-4
-54.73839	0
-32.6506	1.30145E-4
-32.64004	2.5046E-4
-32.62947	3.69365E-4
-32.6189	5.66445E-4
-32.60833	7.43278E-4
-32.59776	9.35674E-4
-32.58719	0.00117
-32.57663	0.00147
-32.56606	0.00184
-32.55549	0.00229
-32.54492	0.00284
-32.53435	0.00351
-32.52378	0.00434
-32.51322	0.00534
-32.50265	0.00656
-32.49208	0.00803
-32.48151	0.0098
-32.47094	0.01193
-32.46037	0.01449
-32.44981	0.01755
-32.43924	0.02119
-32.42867	0.02551
-32.4181	0.03064
-32.40753	0.03669
-32.39696	0.04381
-32.3864	0.05217
-32.37583	0.06196
-32.36526	0.07338
-32.35469	0.08666
-32.34412	0.10206
-32.33355	0.11987
-32.32299	0.14039
-32.31242	0.16397
-32.30185	0.19099
-32.29128	0.22183
-32.28071	0.25694
-32.27014	0.29679
-32.25958	0.34186
-32.24901	0.39269
-32.23844	0.44982
-32.22787	0.51384
-32.2173	0.58535
-32.20673	0.66496
-32.19617	0.7533
-32.1856	0.85101
-32.17503	0.95873
-32.16446	1.0771
-32.15389	1.20673
-32.14332	1.34821
-32.13276	1.50211
-32.12219	1.66893
-32.11162	1.84915
-32.10105	2.04315
-32.09048	2.25124
-32.07991	2.47366
-32.06935	2.71052
-32.05878	2.96183
-32.04821	3.22748
-32.03764	3.5072
-32.02707	3.80061
-32.0165	4.10716
-32.00594	4.42613
-31.99537	4.75666
-31.9848	5.0977
-31.97423	5.44806
-31.96366	5.80637
-31.95309	6.17109
-31.94253	6.54056
-31.93196	6.91294
-31.92139	7.28627
-31.91082	7.65848
-31.90025	8.02741
-31.88968	8.3908
-31.87912	8.74633
-31.86855	9.09167
-31.85798	9.42446
-31.84741	9.74236
-31.83684	10.04308
-31.82627	10.3244
-31.81571	10.58419
-31.80514	10.82046
-31.79457	11.03135
-31.784	11.21518
-31.77343	11.37049
-31.76286	11.49602
-31.7523	11.59072
-31.74173	11.65564
-31.73116	11.69347
-31.72059	11.70572
-31.71002	11.69127
-31.69945	11.65085
-31.68889	11.58379
-31.67832	11.4864
-31.66775	11.35827
-31.65718	11.20044
-31.64661	11.01421
-31.63604	10.80107
-31.62548	10.5627
-31.61491	10.30097
-31.60434	10.01789
-31.59377	9.7156
-31.5832	9.39632
-31.57264	9.06236
-31.56207	8.71604
-31.5515	8.35974
-31.54093	7.99578
-31.53036	7.62648
-31.51979	7.25408
-31.50923	6.88075
-31.49866	6.50854
-31.48809	6.13941
-31.47752	5.77517
-31.46695	5.41749
-31.45638	5.06788
-31.44582	4.72769
-31.43525	4.39812
-31.42468	4.08019
-31.41411	3.77475
-31.40354	3.4825
-31.39297	3.20397
-31.38241	2.93955
-31.37184	2.68948
-31.36127	2.45387
-31.3507	2.23269
-31.34013	2.02582
-31.32956	1.83302
-31.319	1.65398
-31.30843	1.48829
-31.29786	1.33548
-31.28729	1.19505
-31.27672	1.06642
-31.26615	0.94899
-31.25559	0.84216
-31.24502	0.74528
-31.23445	0.65772
-31.22388	0.57884
-31.21331	0.50801
-31.20274	0.4446
-31.19218	0.38804
-31.18161	0.33773
-31.17104	0.29313
-31.16047	0.25371
-31.1499	0.21899
-31.13933	0.18849
-31.12877	0.1618
-31.1182	0.13849
-31.10763	0.11822
-31.09706	0.10063
-31.08649	0.08543
-31.07592	0.07232
-31.06536	0.06105
-31.05479	0.05139
-31.04422	0.04314
-31.03365	0.03612
-31.02308	0.03016
-31.01251	0.02511
-31.00195	0.02084
-30.99138	0.01726
-30.98081	0.01425
-30.97024	0.01173
-30.95967	0.00963
-30.9491	0.00789
-30.93854	0.00644
-30.92797	0.00524
-30.9174	0.00426
-30.90683	0.00345
-30.89626	0.00278
-30.88569	0.00224
-30.87513	0.0018
-30.86456	0.00144
-30.85399	0.00115
-30.84342	9.17081E-4
-30.83285	7.28326E-4
-30.82228	5.43274E-4
-30.81172	3.69655E-4
-30.80115	2.24483E-4
-30.79058	1.35797E-4
-30.78001	2.84711E-5
-10.04497	1.04099E-4
-10.03441	1.27101E-4
-10.02384	1.54754E-4
-10.01327	1.87898E-4
-10.0027	2.27504E-4
-9.99213	2.7469E-4
-9.98156	3.30738E-4
-9.971	3.97111E-4
-9.96043	4.75476E-4
-9.94986	5.67717E-4
-9.93929	6.75962E-4
-9.92872	8.02602E-4
-9.91815	9.50311E-4
-9.90759	0.00112
-9.89702	0.00132
-9.88645	0.00155
-9.87588	0.00182
-9.86531	0.00212
-9.85474	0.00247
-9.84418	0.00287
-9.83361	0.00332
-9.82304	0.00383
-9.81247	0.00441
-9.8019	0.00507
-9.79133	0.0058
-9.78077	0.00663
-9.7702	0.00754
-9.75963	0.00857
-9.74906	0.0097
-9.73849	0.01095
-9.72792	0.01233
-9.71736	0.01385
-9.70679	0.01551
-9.69622	0.01731
-9.68565	0.01928
-9.67508	0.02141
-9.66451	0.02371
-9.65395	0.02618
-9.64338	0.02882
-9.63281	0.03165
-9.62224	0.03465
-9.61167	0.03784
-9.6011	0.0412
-9.59054	0.04474
-9.57997	0.04845
-9.5694	0.05232
-9.55883	0.05633
-9.54826	0.06049
-9.53769	0.06477
-9.52713	0.06917
-9.51656	0.07365
-9.50599	0.07821
-9.49542	0.08283
-9.48485	0.08747
-9.47428	0.09211
-9.46372	0.09673
-9.45315	0.10129
-9.44258	0.10578
-9.43201	0.11016
-9.42144	0.1144
-9.41087	0.11848
-9.40031	0.12237
-9.38974	0.12603
-9.37917	0.12945
-9.3686	0.13259
-9.35803	0.13544
-9.34746	0.13797
-9.3369	0.14017
-9.32633	0.14202
-9.31576	0.14351
-9.30519	0.14463
-9.29462	0.14538
-9.28405	0.14575
-9.27349	0.14595
-9.26292	0.14598
-9.25235	0.14565
-9.24178	0.14498
-9.23121	0.14397
-9.22064	0.14264
-9.21008	0.14103
-9.19951	0.13915
-9.18894	0.13704
-9.17837	0.13473
-9.1678	0.13226
-9.15723	0.12967
-9.14667	0.127
-9.1361	0.12429
-9.12553	0.1216
-9.11496	0.11898
-9.10439	0.11646
-9.09382	0.11411
-9.08326	0.11196
-9.07269	0.11008
-9.06212	0.10852
-9.05155	0.10731
-9.04098	0.10651
-9.03042	0.10617
-9.01985	0.10632
-9.00928	0.10701
-8.99871	0.10828
-8.98814	0.11015
-8.97757	0.11267
-8.96701	0.11586
-8.95644	0.11973
-8.94587	0.12431
-8.9353	0.1296
-8.92473	0.13561
-8.91416	0.14234
-8.9036	0.14979
-8.89303	0.15795
-8.88246	0.16677
-8.87189	0.17625
-8.86132	0.18634
-8.85075	0.19701
-8.84019	0.20821
-8.82962	0.21989
-8.81905	0.23198
-8.80848	0.24441
-8.79791	0.25712
-8.78734	0.27003
-8.77678	0.28305
-8.76621	0.2961
-8.75564	0.30909
-8.74507	0.32193
-8.7345	0.33452
-8.72393	0.34678
-8.71337	0.35861
-8.7028	0.36992
-8.69223	0.38063
-8.68166	0.39064
-8.67109	0.39989
-8.66052	0.4083
-8.64996	0.41581
-8.63939	0.42235
-8.62882	0.42789
-8.61825	0.43237
-8.60768	0.43579
-8.59711	0.4381
-8.58655	0.43932
-8.57598	0.44005
-8.56541	0.4403
-8.55484	0.43949
-8.54427	0.43764
-8.5337	0.43479
-8.52314	0.431
-8.51257	0.42633
-8.502	0.42084
-8.49143	0.41463
-8.48086	0.40778
-8.47029	0.40037
-8.45973	0.39252
-8.44916	0.38432
-8.43859	0.3759
-8.42802	0.36735
-8.41745	0.35879
-8.40688	0.35033
-8.39632	0.34208
-8.38575	0.33415
-8.37518	0.32663
-8.36461	0.31963
-8.35404	0.31323
-8.34347	0.30754
-8.33291	0.30259
-8.32234	0.29846
-8.31177	0.29521
-8.3012	0.29288
-8.29063	0.29149
-8.28006	0.29108
-8.2695	0.29164
-8.25893	0.29318
-8.24836	0.29567
-8.23779	0.2991
-8.22722	0.30341
-8.21665	0.30858
-8.20609	0.31453
-8.19552	0.32119
-8.18495	0.3285
-8.17438	0.33638
-8.16381	0.34472
-8.15324	0.35344
-8.14268	0.36244
-8.13211	0.37162
-8.12154	0.38088
-8.11097	0.39012
-8.1004	0.39924
-8.08983	0.40815
-8.07927	0.41675
-8.0687	0.42496
-8.05813	0.43269
-8.04756	0.43989
-8.03699	0.44648
-8.02642	0.45242
-8.01586	0.45766
-8.00529	0.46217
-7.99472	0.46594
-7.98415	0.46896
-7.97358	0.47183
-7.96302	0.47457
-7.95245	0.4766
-7.94188	0.47793
-7.93131	0.47861
-7.92074	0.47869
-7.91017	0.47823
-7.89961	0.47729
-7.88904	0.47594
-7.87847	0.4743
-7.8679	0.4724
-7.85733	0.47036
-7.84676	0.46824
-7.8362	0.46615
-7.82563	0.4642
-7.81506	0.46242
-7.80449	0.46094
-7.79392	0.4598
-7.78335	0.4591
-7.77279	0.45888
-7.76222	0.4592
-7.75165	0.46011
-7.74108	0.46164
-7.73051	0.46381
-7.71994	0.46663
-7.70938	0.4701
-7.69881	0.47422
-7.68824	0.47896
-7.67767	0.48429
-7.6671	0.49018
-7.65653	0.49656
-7.64597	0.50339
-7.6354	0.51061
-7.62483	0.51815
-7.61426	0.52593
-7.60369	0.53387
-7.59312	0.54191
-7.58256	0.54997
-7.57199	0.55817
-7.56142	0.56645
-7.55085	0.57455
-7.54028	0.5824
-7.52971	0.58996
-7.51915	0.5972
-7.50858	0.60407
-7.49801	0.61057
-7.48744	0.61669
-7.47687	0.62246
-7.4663	0.6279
-7.45574	0.63305
-7.44517	0.63797
-7.4346	0.64275
-7.42403	0.64806
-7.41346	0.65401
-7.40289	0.6601
-7.39233	0.66645
-7.38176	0.67317
-7.37119	0.6804
-7.36062	0.68829
-7.35005	0.69698
-7.33948	0.70662
-7.32892	0.71736
-7.31835	0.72934
-7.30778	0.7427
-7.29721	0.75759
-7.28664	0.77412
-7.27607	0.79241
-7.26551	0.81256
-7.25494	0.83465
-7.24437	0.85874
-7.2338	0.88488
-7.22323	0.9131
-7.21266	0.94338
-7.2021	0.97573
-7.19153	1.01007
-7.18096	1.04633
-7.17039	1.08442
-7.15982	1.12421
-7.14925	1.16559
-7.13869	1.20833
-7.12812	1.25228
-7.11755	1.29723
-7.10698	1.34295
-7.09641	1.3892
-7.08584	1.43573
-7.07528	1.48231
-7.06471	1.52864
-7.05414	1.57444
-7.04357	1.61949
-7.033	1.66351
-7.02243	1.70622
-7.01187	1.7474
-7.0013	1.7868
-6.99073	1.8242
-6.98016	1.85941
-6.96959	1.89222
-6.95902	1.92368
-6.94846	1.95366
-6.93789	1.981
-6.92732	2.00559
-6.91675	2.02715
-6.90618	2.04622
-6.89562	2.06277
-6.88505	2.07616
-6.87448	2.08642
-6.86391	2.0936
-6.85334	2.09776
-6.84277	2.099
-6.83221	2.09745
-6.82164	2.09325
-6.81107	2.08658
-6.8005	2.07763
-6.78993	2.06661
-6.77936	2.05376
-6.7688	2.03933
-6.75823	2.02358
-6.74766	2.00719
-6.73709	1.99048
-6.72652	1.97331
-6.71595	1.95597
-6.70539	1.93937
-6.69482	1.92383
-6.68425	1.90903
-6.67368	1.89527
-6.66311	1.88285
-6.65254	1.87205
-6.64198	1.86317
-6.63141	1.85647
-6.62084	1.85222
-6.61027	1.85067
-6.5997	1.85245
-6.58913	1.85779
-6.57857	1.86647
-6.568	1.87864
-6.55743	1.89446
-6.54686	1.91405
-6.53629	1.93753
-6.52572	1.96492
-6.51516	1.99629
-6.50459	2.03162
-6.49402	2.07092
-6.48345	2.11411
-6.47288	2.16112
-6.46231	2.21183
-6.45175	2.26609
-6.44118	2.32374
-6.43061	2.38477
-6.42004	2.44897
-6.40947	2.51585
-6.3989	2.58516
-6.38834	2.65661
-6.37777	2.72988
-6.3672	2.80465
-6.35663	2.88061
-6.34606	2.95739
-6.33549	3.03467
-6.32493	3.11211
-6.31436	3.1894
-6.30379	3.26619
-6.29322	3.3422
-6.28265	3.41774
-6.27208	3.49311
-6.26152	3.56746
-6.25095	3.63993
-6.24038	3.71031
-6.22981	3.77958
-6.21924	3.84759
-6.20867	3.91297
-6.19811	3.97559
-6.18754	4.03536
-6.17697	4.09223
-6.1664	4.14616
-6.15583	4.19775
-6.14526	4.24704
-6.1347	4.29348
-6.12413	4.33713
-6.11356	4.37807
-6.10299	4.41643
-6.09242	4.45234
-6.08185	4.48655
-6.07129	4.51922
-6.06072	4.5505
-6.05015	4.58078
-6.03958	4.60954
-6.02901	4.63681
-6.01844	4.66267
-6.00788	4.68729
-5.99731	4.71141
-5.98674	4.73532
-5.97617	4.75897
-5.9656	4.78221
-5.95503	4.80471
-5.94447	4.82652
-5.9339	4.84768
-5.92333	4.86823
-5.91276	4.88817
-5.90219	4.90751
-5.89162	4.92626
-5.88106	4.94436
-5.87049	4.9618
-5.85992	4.97854
-5.84935	4.99454
-5.83878	5.00978
-5.82822	5.02416
-5.81765	5.03891
-5.80708	5.05452
-5.79651	5.07035
-5.78594	5.08569
-5.77537	5.1003
-5.76481	5.11409
-5.75424	5.12661
-5.74367	5.13779
-5.7331	5.14761
-5.72253	5.15605
-5.71196	5.16309
-5.7014	5.16874
-5.69083	5.17302
-5.68026	5.17596
-5.66969	5.17826
-5.65912	5.18053
-5.64855	5.18225
-5.63799	5.18287
-5.62742	5.18248
-5.61685	5.18176
-5.60628	5.18081
-5.59571	5.17973
-5.58514	5.17859
-5.57458	5.17711
-5.56401	5.17535
-5.55344	5.17323
-5.54287	5.17082
-5.5323	5.16822
-5.52173	5.16551
-5.51117	5.16278
-5.5006	5.16073
-5.49003	5.15939
-5.47946	5.15823
-5.46889	5.15729
-5.45832	5.15722
-5.44776	5.15803
-5.43719	5.15976
-5.42662	5.16234
-5.41605	5.16516
-5.40548	5.16819
-5.39491	5.17137
-5.38435	5.17465
-5.37378	5.17796
-5.36321	5.18182
-5.35264	5.18614
-5.34207	5.19023
-5.3315	5.19456
-5.32094	5.19962
-5.31037	5.20463
-5.2998	5.20891
-5.28923	5.21226
-5.27866	5.21459
-5.26809	5.21567
-5.25753	5.21539
-5.24696	5.21362
-5.23639	5.21021
-5.22582	5.20506
-5.21525	5.19866
-5.20468	5.19149
-5.19412	5.18286
-5.18355	5.17204
-5.17298	5.15898
-5.16241	5.14358
-5.15184	5.12584
-5.14127	5.10569
-5.13071	5.08438
-5.12014	5.06188
-5.10957	5.03821
-5.099	5.01338
-5.08843	4.98623
-5.07786	4.95681
-5.0673	4.9252
-5.05673	4.89149
-5.04616	4.85582
-5.03559	4.8183
-5.02502	4.77913
-5.01445	4.73845
-5.00389	4.69646
-4.99332	4.65336
-4.98275	4.60938
-4.97218	4.56596
-4.96161	4.52336
-4.95104	4.48055
-4.94048	4.43778
-4.92991	4.39529
-4.91934	4.35393
-4.90877	4.3139
-4.8982	4.27543
-4.88763	4.23874
-4.87707	4.20342
-4.8665	4.16967
-4.85593	4.13763
-4.84536	4.10748
-4.83479	4.07939
-4.82422	4.05343
-4.81366	4.02973
-4.80309	4.00839
-4.79252	3.98946
-4.78195	3.97302
-4.77138	3.95905
-4.76082	3.94758
-4.75025	3.93977
-4.73968	3.9356
-4.72911	3.93377
-4.71854	3.93437
-4.70797	3.93728
-4.69741	3.94211
-4.68684	3.94877
-4.67627	3.95701
-4.6657	3.96668
-4.65513	3.97758
-4.64456	3.98952
-4.634	4.00226
-4.62343	4.01562
-4.61286	4.02938
-4.60229	4.04335
-4.59172	4.05734
-4.58115	4.07176
-4.57059	4.08647
-4.56002	4.10067
-4.54945	4.11423
-4.53888	4.127
-4.52831	4.13933
-4.51774	4.15289
-4.50718	4.16724
-4.49661	4.18046
-4.48604	4.1925
-4.47547	4.20336
-4.4649	4.21301
-4.45433	4.22148
-4.44377	4.22881
-4.4332	4.23507
-4.42263	4.24034
-4.41206	4.24472
-4.40149	4.24833
-4.39092	4.25133
-4.38036	4.25383
-4.36979	4.25598
-4.35922	4.25975
-4.34865	4.26528
-4.33808	4.2709
-4.32751	4.2767
-4.31695	4.28281
-4.30638	4.28934
-4.29581	4.29638
-4.28524	4.30403
-4.27467	4.3124
-4.2641	4.32152
-4.25354	4.33147
-4.24297	4.34226
-4.2324	4.35394
-4.22183	4.36652
-4.21126	4.38058
-4.20069	4.39613
-4.19013	4.4125
-4.17956	4.4297
-4.16899	4.44759
-4.15842	4.46673
-4.14785	4.48704
-4.13728	4.50781
-4.12672	4.52896
-4.11615	4.55034
-4.10558	4.57247
-4.09501	4.59584
-4.08444	4.61973
-4.07387	4.64338
-4.06331	4.66669
-4.05274	4.6895
-4.04217	4.71237
-4.0316	4.73515
-4.02103	4.75713
-4.01046	4.77823
-3.9999	4.79895
-3.98933	4.81924
-3.97876	4.8384
-3.96819	4.85639
-3.95762	4.87317
-3.94705	4.88869
-3.93649	4.90296
-3.92592	4.91595
-3.91535	4.92889
-3.90478	4.94179
-3.89421	4.95346
-3.88364	4.96393
-3.87308	4.97321
-3.86251	4.98198
-3.85194	4.99027
-3.84137	4.99754
-3.8308	5.00382
-3.82023	5.00924
-3.80967	5.01385
-3.7991	5.01771
-3.78853	5.02154
-3.77796	5.02538
-3.76739	5.02991
-3.75682	5.03521
-3.74626	5.04013
-3.73569	5.04469
-3.72512	5.04957
-3.71455	5.05478
-3.70398	5.05975
-3.69342	5.06451
-3.68285	5.0691
-3.67228	5.0735
-3.66171	5.07773
-3.65114	5.0818
-3.64057	5.08572
-3.63001	5.08946
-3.61944	5.09303
-3.60887	5.09703
-3.5983	5.10139
-3.58773	5.10558
-3.57716	5.10949
-3.5666	5.1131
-3.55603	5.117
-3.54546	5.12117
-3.53489	5.12552
-3.52432	5.13044
-3.51375	5.13526
-3.50319	5.13954
-3.49262	5.14343
-3.48205	5.14688
-3.47148	5.15026
-3.46091	5.15354
-3.45034	5.15668
-3.43978	5.1596
-3.42921	5.16175
-3.41864	5.16366
-3.40807	5.16534
-3.3975	5.16615
-3.38693	5.16611
-3.37637	5.16524
-3.3658	5.16357
-3.35523	5.16115
-3.34466	5.15802
-3.33409	5.15425
-3.32352	5.14995
-3.31296	5.14521
-3.30239	5.14016
-3.29182	5.13551
-3.28125	5.13145
-3.27068	5.12749
-3.26011	5.12502
-3.24955	5.1242
-3.23898	5.12397
-3.22841	5.12456
-3.21784	5.12608
-3.20727	5.12974
-3.1967	5.13574
-3.18614	5.14325
-3.17557	5.15239
-3.165	5.16397
-3.15443	5.17812
-3.14386	5.19498
-3.13329	5.21468
-3.12273	5.23668
-3.11216	5.26109
-3.10159	5.28795
-3.09102	5.31729
-3.08045	5.34912
-3.06988	5.38345
-3.05932	5.42022
-3.04875	5.45936
-3.03818	5.50077
-3.02761	5.54435
-3.01704	5.59033
-3.00647	5.63852
-2.99591	5.68829
-2.98534	5.73966
-2.97477	5.79235
-2.9642	5.8465
-2.95363	5.9018
-2.94306	5.95734
-2.9325	6.01282
-2.92193	6.06792
-2.91136	6.12233
-2.90079	6.17572
-2.89022	6.22842
-2.87965	6.28074
-2.86909	6.33299
-2.85852	6.38432
-2.84795	6.43322
-2.83738	6.47949
-2.82681	6.5233
-2.81624	6.56449
-2.80568	6.60309
-2.79511	6.63901
-2.78454	6.67154
-2.77397	6.70064
-2.7634	6.72691
-2.75283	6.75032
-2.74227	6.77094
-2.7317	6.7888
-2.72113	6.8038
-2.71056	6.81603
-2.69999	6.82522
-2.68942	6.8321
-2.67886	6.83684
-2.66829	6.8396
-2.65772	6.84051
-2.64715	6.83912
-2.63658	6.83559
-2.62602	6.83129
-2.61545	6.82634
-2.60488	6.81968
-2.59431	6.81139
-2.58374	6.80157
-2.57317	6.79029
-2.56261	6.77763
-2.55204	6.76362
-2.54147	6.74892
-2.5309	6.73413
-2.52033	6.71863
-2.50976	6.70177
-2.4992	6.68348
-2.48863	6.66373
-2.47806	6.64243
-2.46749	6.61947
-2.45692	6.59478
-2.44635	6.56886
-2.43579	6.54283
-2.42522	6.51636
-2.41465	6.48816
-2.40408	6.45764
-2.39351	6.42515
-2.38294	6.39057
-2.37238	6.35342
-2.36181	6.31367
-2.35124	6.27127
-2.34067	6.22619
-2.3301	6.17854
-2.31953	6.12826
-2.30897	6.07668
-2.2984	6.0239
-2.28783	5.96879
-2.27726	5.91156
-2.26669	5.85416
-2.25612	5.79679
-2.24556	5.73782
-2.23499	5.6775
-2.22442	5.61604
-2.21385	5.55437
-2.20328	5.49273
-2.19271	5.43079
-2.18215	5.36888
-2.17158	5.30728
-2.16101	5.24633
-2.15044	5.18636
-2.13987	5.12765
-2.1293	5.07052
-2.11874	5.01528
-2.10817	4.96283
-2.0976	4.91402
-2.08703	4.8685
-2.07646	4.82588
-2.06589	4.78634
-2.05533	4.75008
-2.04476	4.7178
-2.03419	4.68964
-2.02362	4.66506
-2.01305	4.64412
-2.00248	4.62683
-1.99192	4.61319
-1.98135	4.60317
-1.97078	4.59671
-1.96021	4.59374
-1.94964	4.59417
-1.93907	4.59789
-1.92851	4.60536
-1.91794	4.61644
-1.90737	4.63032
-1.8968	4.64687
-1.88623	4.66587
-1.87566	4.68716
-1.8651	4.71054
-1.85453	4.73582
-1.84396	4.76402
-1.83339	4.79498
-1.82282	4.82787
-1.81225	4.86253
-1.80169	4.89814
-1.79112	4.93459
-1.78055	4.97165
-1.76998	5.00919
-1.75941	5.04709
-1.74884	5.08582
-1.73828	5.1259
-1.72771	5.1666
-1.71714	5.20719
-1.70657	5.24757
-1.696	5.28769
-1.68543	5.32805
-1.67487	5.36857
-1.6643	5.40857
-1.65373	5.44797
-1.64316	5.48669
-1.63259	5.52465
-1.62202	5.56177
-1.61146	5.59877
-1.60089	5.63556
-1.59032	5.67123
-1.57975	5.70585
-1.56918	5.73949
-1.55862	5.77242
-1.54805	5.80428
-1.53748	5.83428
-1.52691	5.86225
-1.51634	5.88798
-1.50577	5.91131
-1.49521	5.93324
-1.48464	5.95354
-1.47407	5.97079
-1.4635	5.98472
-1.45293	5.99511
-1.44236	6.00175
-1.4318	6.00441
-1.42123	6.00287
-1.41066	5.99876
-1.40009	5.99188
-1.38952	5.98019
-1.37895	5.96357
-1.36839	5.94184
-1.35782	5.91488
-1.34725	5.88258
-1.33668	5.84492
-1.32611	5.80188
-1.31554	5.75342
-1.30498	5.69962
-1.29441	5.64177
-1.28384	5.58061
-1.27327	5.51505
-1.2627	5.44528
-1.25213	5.37149
-1.24157	5.29333
-1.231	5.21168
-1.22043	5.12724
-1.20986	5.03974
-1.19929	4.94913
-1.18872	4.85638
-1.17816	4.76191
-1.16759	4.66552
-1.15702	4.56764
-1.14645	4.4687
-1.13588	4.36976
-1.12531	4.27125
-1.11475	4.17302
-1.10418	4.0755
-1.09361	3.97911
-1.08304	3.88428
-1.07247	3.79139
-1.0619	3.70083
-1.05134	3.61297
-1.04077	3.52812
-1.0302	3.44702
-1.01963	3.36994
-1.00906	3.2967
-0.99849	3.22757
-0.98793	3.16268
-0.97736	3.10221
-0.96679	3.04627
-0.95622	2.99495
-0.94565	2.94831
-0.93508	2.90637
-0.92452	2.86912
-0.91395	2.83656
-0.90338	2.8086
-0.89281	2.78518
-0.88224	2.76617
-0.87167	2.75265
-0.86111	2.74445
-0.85054	2.74016
-0.83997	2.73955
-0.8294	2.74237
-0.81883	2.7484
-0.80826	2.75734
-0.7977	2.76891
-0.78713	2.78282
-0.77656	2.79873
-0.76599	2.81634
-0.75542	2.83536
-0.74485	2.85539
-0.73429	2.87611
-0.72372	2.89719
-0.71315	2.91827
-0.70258	2.93962
-0.69201	2.96088
-0.68144	2.98114
-0.67088	3.00002
-0.66031	3.01761
-0.64974	3.03359
-0.63917	3.04724
-0.6286	3.05828
-0.61803	3.06645
-0.60747	3.07148
-0.5969	3.07316
-0.58633	3.07129
-0.57576	3.06569
-0.56519	3.05628
-0.55462	3.04415
-0.54406	3.02921
-0.53349	3.01021
-0.52292	2.98735
-0.51235	2.96126
-0.50178	2.93178
-0.49122	2.89838
-0.48065	2.86125
-0.47008	2.82052
-0.45951	2.77637
-0.44894	2.72905
-0.43837	2.67881
-0.42781	2.62654
-0.41724	2.57255
-0.40667	2.51717
-0.3961	2.46072
-0.38553	2.40295
-0.37496	2.34419
-0.3644	2.28485
-0.35383	2.22527
-0.34326	2.1658
-0.33269	2.10682
-0.32212	2.04867
-0.31155	1.99168
-0.30099	1.93618
-0.29042	1.88248
-0.27985	1.83085
-0.26928	1.78155
-0.25871	1.73482
-0.24814	1.69086
-0.23758	1.64986
-0.22701	1.61194
-0.21644	1.5772
-0.20587	1.54575
-0.1953	1.51762
-0.18473	1.49285
-0.17417	1.47139
-0.1636	1.45321
-0.15303	1.43824
-0.14246	1.42638
-0.13189	1.4175
-0.12132	1.41144
-0.11076	1.40803
-0.10019	1.40708
-0.08962	1.40839
-0.07905	1.41234
-0.06848	1.41868
-0.05791	1.42656
-0.04735	1.43573
-0.03678	1.44593
-0.02621	1.45689
-0.01564	1.46836
-0.00507	1.4801
0.0055	1.49187
0.01606	1.50343
0.02663	1.51459
0.0372	1.52514
0.04777	1.53489
0.05834	1.54373
0.06891	1.55151
0.07947	1.55812
0.09004	1.5635
0.10061	1.56795
0.11118	1.57147
0.12175	1.57364
0.13232	1.57447
0.14288	1.57402
0.15345	1.57235
0.16402	1.57077
0.17459	1.56937
0.18516	1.56709
0.19573	1.56403
0.20629	1.56037
0.21686	1.55624
0.22743	1.55189
0.238	1.54746
0.24857	1.54316
0.25914	1.53919
0.2697	1.53578
0.28027	1.53314
0.29084	1.53144
0.30141	1.53088
0.31198	1.53166
0.32255	1.53395
0.33311	1.5379
0.34368	1.54365
0.35425	1.55133
0.36482	1.56102
0.37539	1.57285
0.38596	1.58685
0.39652	1.60304
0.40709	1.62141
0.41766	1.64199
0.42823	1.66471
0.4388	1.68951
0.44937	1.7163
0.45993	1.74497
0.4705	1.7754
0.48107	1.80805
0.49164	1.84275
0.50221	1.8787
0.51278	1.91571
0.52334	1.9536
0.53391	1.99214
0.54448	2.03113
0.55505	2.07056
0.56562	2.11023
0.57618	2.14976
0.58675	2.18894
0.59732	2.22761
0.60789	2.26562
0.61846	2.30283
0.62903	2.33919
0.63959	2.37452
0.65016	2.4088
0.66073	2.44199
0.6713	2.47405
0.68187	2.50562
0.69244	2.53733
0.703	2.56865
0.71357	2.59901
0.72414	2.62854
0.73471	2.65792
0.74528	2.6873
0.75585	2.7162
0.76641	2.74479
0.77698	2.77322
0.78755	2.80227
0.79812	2.83213
0.80869	2.86234
0.81926	2.8931
0.82982	2.92455
0.84039	2.95684
0.85096	2.99014
0.86153	3.02459
0.8721	3.06029
0.88267	3.09736
0.89323	3.13588
0.9038	3.17591
0.91437	3.21752
0.92494	3.26071
0.93551	3.3055
0.94608	3.3519
0.95664	3.39984
0.96721	3.4493
0.97778	3.50021
0.98835	3.5525
0.99892	3.60648
1.00949	3.66289
1.02005	3.72119
1.03062	3.78047
1.04119	3.8406
1.05176	3.90149
1.06233	3.96301
1.0729	4.02508
1.08346	4.0876
1.09403	4.15053
1.1046	4.21441
1.11517	4.27918
1.12574	4.34441
1.13631	4.41008
1.14687	4.47677
1.15744	4.54448
1.16801	4.61241
1.17858	4.68056
1.18915	4.74895
1.19972	4.81879
1.21028	4.8901
1.22085	4.96164
1.23142	5.03342
1.24199	5.10536
1.25256	5.17745
1.26313	5.24958
1.27369	5.32167
1.28426	5.39358
1.29483	5.46579
1.3054	5.53869
1.31597	5.61145
1.32654	5.68318
1.3371	5.75359
1.34767	5.82234
1.35824	5.88903
1.36881	5.95328
1.37938	6.01466
1.38995	6.07293
1.40051	6.12763
1.41108	6.17869
1.42165	6.22561
1.43222	6.26731
1.44279	6.30334
1.45336	6.3332
1.46392	6.35648
1.47449	6.37274
1.48506	6.38166
1.49563	6.3835
1.5062	6.37841
1.51677	6.36553
1.52733	6.34433
1.5379	6.31466
1.54847	6.27894
1.55904	6.23779
1.56961	6.18946
1.58018	6.13467
1.59074	6.07301
1.60131	6.0035
1.61188	5.92647
1.62245	5.84231
1.63302	5.75149
1.64358	5.65508
1.65415	5.55364
1.66472	5.44719
1.67529	5.33638
1.68586	5.22184
1.69643	5.10429
1.70699	4.98445
1.71756	4.86307
1.72813	4.74089
1.7387	4.61927
1.74927	4.4989
1.75984	4.37991
1.7704	4.26298
1.78097	4.14877
1.79154	4.03793
1.80211	3.93105
1.81268	3.82869
1.82325	3.73137
1.83381	3.63957
1.84438	3.55372
1.85495	3.47421
1.86552	3.40196
1.87609	3.33727
1.88666	3.27977
1.89722	3.22961
1.90779	3.18693
1.91836	3.15182
1.92893	3.1249
1.9395	3.1062
1.95007	3.09502
1.96063	3.09126
1.9712	3.09477
1.98177	3.10538
1.99234	3.12286
2.00291	3.14697
2.01348	3.17742
2.02404	3.21389
2.03461	3.25604
2.04518	3.3035
2.05575	3.35587
2.06632	3.41274
2.07689	3.4737
2.08745	3.53829
2.09802	3.60605
2.10859	3.6765
2.11916	3.74914
2.12973	3.82354
2.1403	3.89918
2.15086	3.97617
2.16143	4.05404
2.172	4.13289
2.18257	4.21224
2.19314	4.29039
2.20371	4.36686
2.21427	4.44118
2.22484	4.51293
2.23541	4.58171
2.24598	4.64712
2.25655	4.7088
2.26712	4.76702
2.27768	4.82148
2.28825	4.87128
2.29882	4.9162
2.30939	4.956
2.31996	4.99174
2.33053	5.02324
2.34109	5.0492
2.35166	5.06949
2.36223	5.08527
2.3728	5.09651
2.38337	5.1026
2.39394	5.10353
2.4045	5.09874
2.41507	5.0883
2.42564	5.07233
2.43621	5.05094
2.44678	5.02471
2.45735	4.99378
2.46791	4.95793
2.47848	4.91745
2.48905	4.87293
2.49962	4.82462
2.51019	4.77243
2.52076	4.71658
2.53132	4.65738
2.54189	4.59512
2.55246	4.53111
2.56303	4.46565
2.5736	4.39805
2.58417	4.32858
2.59473	4.25876
2.6053	4.18884
2.61587	4.11789
2.62644	4.04616
2.63701	3.97387
2.64758	3.90127
2.65814	3.82917
2.66871	3.75777
2.67928	3.68663
2.68985	3.61589
2.70042	3.54571
2.71098	3.47619
2.72155	3.40743
2.73212	3.33951
2.74269	3.2725
2.75326	3.20643
2.76383	3.14134
2.77439	3.07723
2.78496	3.0141
2.79553	2.95196
2.8061	2.89118
2.81667	2.83172
2.82724	2.77315
2.8378	2.71542
2.84837	2.65848
2.85894	2.60232
2.86951	2.5469
2.88008	2.49218
2.89065	2.43817
2.90121	2.38486
2.91178	2.33226
2.92235	2.28101
2.93292	2.23176
2.94349	2.18454
2.95406	2.1388
2.96462	2.09401
2.97519	2.05023
2.98576	2.00755
2.99633	1.96609
3.0069	1.92596
3.01747	1.88728
3.02803	1.85018
3.0386	1.8148
3.04917	1.78128
3.05974	1.74974
3.07031	1.7203
3.08088	1.69311
3.09144	1.66823
3.10201	1.64581
3.11258	1.62589
3.12315	1.60851
3.13372	1.59372
3.14429	1.58151
3.15485	1.57187
3.16542	1.56473
3.17599	1.56004
3.18656	1.55767
3.19713	1.55752
3.2077	1.55942
3.21826	1.56318
3.22883	1.5686
3.2394	1.57543
3.24997	1.58348
3.26054	1.59245
3.27111	1.60209
3.28167	1.61209
3.29224	1.6222
3.30281	1.63231
3.31338	1.64214
3.32395	1.65122
3.33452	1.65925
3.34508	1.66598
3.35565	1.67116
3.36622	1.67496
3.37679	1.67717
3.38736	1.67782
3.39793	1.67671
3.40849	1.67309
3.41906	1.66684
3.42963	1.65848
3.4402	1.64793
3.45077	1.63453
3.46134	1.61828
3.4719	1.59918
3.48247	1.57728
3.49304	1.55265
3.50361	1.52536
3.51418	1.49553
3.52475	1.46332
3.53531	1.42888
3.54588	1.39238
3.55645	1.354
3.56702	1.31395
3.57759	1.27303
3.58816	1.23149
3.59872	1.18892
3.60929	1.14554
3.61986	1.10157
3.63043	1.05722
3.641	1.01272
3.65157	0.96827
3.66213	0.92407
3.6727	0.88033
3.68327	0.83724
3.69384	0.79497
3.70441	0.75369
3.71498	0.71355
3.72554	0.67471
3.73611	0.6373
3.74668	0.60144
3.75725	0.56724
3.76782	0.53479
3.77838	0.50417
3.78895	0.47546
3.79952	0.44871
3.81009	0.42396
3.82066	0.40126
3.83123	0.38064
3.84179	0.36208
3.85236	0.3456
3.86293	0.33121
3.8735	0.31889
3.88407	0.3086
3.89464	0.30032
3.9052	0.294
3.91577	0.2896
3.92634	0.28706
3.93691	0.28632
3.94748	0.28732
3.95805	0.28998
3.96861	0.29422
3.97918	0.29996
3.98975	0.30711
4.00032	0.31559
4.01089	0.3253
4.02146	0.33613
4.03202	0.34801
4.04259	0.36079
4.05316	0.37439
4.06373	0.38871
4.0743	0.40361
4.08487	0.419
4.09543	0.43478
4.106	0.4508
4.11657	0.46698
4.12714	0.48319
4.13771	0.49933
4.14828	0.5153
4.15884	0.53099
4.16941	0.5463
4.17998	0.56113
4.19055	0.5754
4.20112	0.58943
4.21169	0.60313
4.22225	0.61602
4.23282	0.62804
4.24339	0.63913
4.25396	0.64923
4.26453	0.65831
4.2751	0.66634
4.28566	0.67328
4.29623	0.67917
4.3068	0.68397
4.31737	0.68774
4.32794	0.6905
4.33851	0.69229
4.34907	0.69317
4.35964	0.69322
4.37021	0.69252
4.38078	0.69117
4.39135	0.68989
4.40192	0.68877
4.41248	0.68735
4.42305	0.68575
4.43362	0.6841
4.44419	0.68254
4.45476	0.68124
4.46533	0.68032
4.47589	0.67996
4.48646	0.68031
4.49703	0.68151
4.5076	0.68374
4.51817	0.68714
4.52874	0.69184
4.5393	0.69801
4.54987	0.70573
4.56044	0.71513
4.57101	0.72632
4.58158	0.73938
4.59215	0.75438
4.60271	0.77137
4.61328	0.79039
4.62385	0.81144
4.63442	0.83452
4.64499	0.85959
4.65556	0.88661
4.66612	0.91548
4.67669	0.94612
4.68726	0.9784
4.69783	1.01218
4.7084	1.04728
4.71897	1.08353
4.72953	1.12071
4.7401	1.1586
4.75067	1.19716
4.76124	1.23615
4.77181	1.27508
4.78238	1.31369
4.79294	1.35169
4.80351	1.38881
4.81408	1.42475
4.82465	1.45924
4.83522	1.49201
4.84579	1.52279
4.85635	1.55136
4.86692	1.57788
4.87749	1.6021
4.88806	1.62344
4.89863	1.64174
4.90919	1.65684
4.91976	1.66863
4.93033	1.67703
4.9409	1.68197
4.95147	1.68405
4.96204	1.68326
4.9726	1.67905
4.98317	1.67207
4.99374	1.66243
5.00431	1.64963
5.01488	1.63444
5.02545	1.61701
5.03601	1.59693
5.04658	1.57443
5.05715	1.54972
5.06772	1.52305
5.07829	1.4947
5.08886	1.46492
5.09942	1.43401
5.10999	1.40225
5.12056	1.3699
5.13113	1.33727
5.1417	1.30462
5.15227	1.27223
5.16283	1.24033
5.1734	1.20918
5.18397	1.17899
5.19454	1.14998
5.20511	1.12233
5.21568	1.09621
5.22624	1.07178
5.23681	1.04915
5.24738	1.02842
5.25795	1.00969
5.26852	0.99302
5.27909	0.97846
5.28965	0.96603
5.30022	0.95576
5.31079	0.94763
5.32136	0.94165
5.33193	0.93779
5.3425	0.936
5.35306	0.93625
5.36363	0.9385
5.3742	0.94287
5.38477	0.94935
5.39534	0.95762
5.40591	0.96764
5.41647	0.97934
5.42704	0.99266
5.43761	1.00753
5.44818	1.02387
5.45875	1.04223
5.46932	1.06252
5.47988	1.08407
5.49045	1.10679
5.50102	1.13059
5.51159	1.15538
5.52216	1.18107
5.53273	1.20757
5.54329	1.23476
5.55386	1.26255
5.56443	1.29082
5.575	1.31945
5.58557	1.34832
5.59614	1.37729
5.6067	1.40624
5.61727	1.43503
5.62784	1.46351
5.63841	1.49154
5.64898	1.51898
5.65955	1.54568
5.67011	1.5715
5.68068	1.59631
5.69125	1.61996
5.70182	1.64234
5.71239	1.66333
5.72296	1.68281
5.73352	1.7007
5.74409	1.71691
5.75466	1.73137
5.76523	1.74403
5.7758	1.75548
5.78637	1.76685
5.79693	1.77754
5.8075	1.78631
5.81807	1.79315
5.82864	1.79808
5.83921	1.80111
5.84978	1.80229
5.86034	1.80167
5.87091	1.79929
5.88148	1.79526
5.89205	1.78965
5.90262	1.78252
5.91319	1.774
5.92375	1.76417
5.93432	1.75311
5.94489	1.74096
5.95546	1.72779
5.96603	1.71369
5.97659	1.69875
5.98716	1.68307
5.99773	1.66671
6.0083	1.64975
6.01887	1.63225
6.02944	1.61488
6.04	1.59767
6.05057	1.58007
6.06114	1.56208
6.07171	1.54374
6.08228	1.52506
6.09285	1.50605
6.10341	1.48673
6.11398	1.4671
6.12455	1.44717
6.13512	1.42696
6.14569	1.40708
6.15626	1.38755
6.16682	1.36777
6.17739	1.34776
6.18796	1.32754
6.19853	1.30715
6.2091	1.28661
6.21967	1.26599
6.23023	1.24533
6.2408	1.22469
6.25137	1.20416
6.26194	1.18379
6.27251	1.16368
6.28308	1.14392
6.29364	1.12459
6.30421	1.10641
6.31478	1.08946
6.32535	1.07322
6.33592	1.05778
6.34649	1.04322
6.35705	1.0296
6.36762	1.01701
6.37819	1.00549
6.38876	0.99512
6.39933	0.98592
6.4099	0.97792
6.42046	0.97113
6.43103	0.96557
6.4416	0.9612
6.45217	0.95798
6.46274	0.95589
6.47331	0.95484
6.48387	0.95477
6.49444	0.95558
6.50501	0.95716
6.51558	0.95938
6.52615	0.96212
6.53672	0.96524
6.54728	0.96858
6.55785	0.97198
6.56842	0.9753
6.57899	0.97836
6.58956	0.98101
6.60013	0.9831
6.61069	0.98446
6.62126	0.98498
6.63183	0.98451
6.6424	0.98293
6.65297	0.98016
6.66354	0.97609
6.6741	0.97068
6.68467	0.96388
6.69524	0.95684
6.70581	0.94957
6.71638	0.94088
6.72695	0.93077
6.73751	0.91928
6.74808	0.90647
6.75865	0.89242
6.76922	0.87724
6.77979	0.86106
6.79036	0.844
6.80092	0.82622
6.81149	0.80789
6.82206	0.78918
6.83263	0.77028
6.8432	0.75138
6.85377	0.73267
6.86433	0.71436
6.8749	0.69663
6.88547	0.67967
6.89604	0.66367
6.90661	0.64879
6.91718	0.63521
6.92774	0.62307
6.93831	0.61251
6.94888	0.60362
6.95945	0.59655
6.97002	0.59136
6.98059	0.58812
6.99115	0.58686
7.00172	0.58761
7.01229	0.59037
7.02286	0.59513
7.03343	0.60186
7.04399	0.61049
7.05456	0.62095
7.06513	0.63315
7.0757	0.647
7.08627	0.66238
7.09684	0.67915
7.1074	0.69718
7.11797	0.71632
7.12854	0.73642
7.13911	0.75731
7.14968	0.77885
7.16025	0.80086
7.17081	0.82319
7.18138	0.8457
7.19195	0.86822
7.20252	0.89063
7.21309	0.91278
7.22366	0.93455
7.23422	0.95585
7.24479	0.97657
7.25536	0.99723
7.26593	1.01775
7.2765	1.03746
7.28707	1.05632
7.29763	1.07427
7.3082	1.0913
7.31877	1.10741
7.32934	1.12257
7.33991	1.13682
7.35048	1.15077
7.36104	1.16445
7.37161	1.1773
7.38218	1.18935
7.39275	1.20063
7.40332	1.21121
7.41389	1.22112
7.42445	1.23043
7.43502	1.23917
7.44559	1.24741
7.45616	1.25519
7.46673	1.26255
7.4773	1.26955
7.48786	1.2762
7.49843	1.28255
7.509	1.28862
7.51957	1.29443
7.53014	1.3
7.54071	1.30532
7.55127	1.31042
7.56184	1.31527
7.57241	1.31988
7.58298	1.32423
7.59355	1.3283
7.60412	1.33267
7.61468	1.33731
7.62525	1.34161
7.63582	1.3455
7.64639	1.34896
7.65696	1.35196
7.66753	1.35443
7.67809	1.35636
7.68866	1.35769
7.69923	1.35902
7.7098	1.3603
7.72037	1.36089
7.73094	1.36075
7.7415	1.35987
7.75207	1.3582
7.76264	1.35574
7.77321	1.35247
7.78378	1.34837
7.79435	1.34344
7.80491	1.33767
7.81548	1.33108
7.82605	1.32365
7.83662	1.31542
7.84719	1.3064
7.85776	1.29661
7.86832	1.2861
7.87889	1.27487
7.88946	1.26297
7.90003	1.25085
7.9106	1.23856
7.92117	1.22572
7.93173	1.2124
7.9423	1.19864
7.95287	1.1851
7.96344	1.17184
7.97401	1.15831
7.98458	1.14455
7.99514	1.13063
8.00571	1.11661
8.01628	1.10254
8.02685	1.08854
8.03742	1.0746
8.04799	1.06083
8.05855	1.0473
8.06912	1.03408
8.07969	1.02124
8.09026	1.00887
8.10083	0.99703
8.11139	0.98581
8.12196	0.97529
8.13253	0.96554
8.1431	0.95666
8.15367	0.9487
8.16424	0.94175
8.1748	0.93589
8.18537	0.9312
8.19594	0.92777
8.20651	0.92565
8.21708	0.92494
8.22765	0.92568
8.23821	0.92857
8.24878	0.93365
8.25935	0.94037
8.26992	0.94877
8.28049	0.9589
8.29106	0.97078
8.30162	0.98443
8.31219	0.99987
8.32276	1.01711
8.33333	1.03614
8.3439	1.05695
8.35447	1.07952
8.36503	1.1038
8.3756	1.12975
8.38617	1.15732
8.39674	1.18642
8.40731	1.21698
8.41788	1.2489
8.42844	1.28208
8.43901	1.31639
8.44958	1.35172
8.46015	1.38792
8.47072	1.42485
8.48129	1.46236
8.49185	1.50029
8.50242	1.53849
8.51299	1.57678
8.52356	1.615
8.53413	1.65301
8.5447	1.69062
8.55526	1.72768
8.56583	1.76403
8.5764	1.80013
8.58697	1.83584
8.59754	1.871
8.60811	1.90548
8.61867	1.93853
8.62924	1.97004
8.63981	1.99988
8.65038	2.02794
8.66095	2.05413
8.67152	2.07838
8.68208	2.10059
8.69265	2.12072
8.70322	2.13911
8.71379	2.15591
8.72436	2.17068
8.73493	2.18317
8.74549	2.19336
8.75606	2.2012
8.76663	2.20668
8.7772	2.20978
8.78777	2.21109
8.79834	2.2106
8.8089	2.20769
8.81947	2.20234
8.83004	2.19455
8.84061	2.1843
8.85118	2.1716
8.86175	2.15646
8.87231	2.13885
8.88288	2.11883
8.89345	2.0964
8.90402	2.07159
8.91459	2.04443
8.92516	2.01496
8.93572	1.98323
8.94629	1.95053
8.95686	1.9169
8.96743	1.8812
8.978	1.84351
8.98857	1.8039
8.99913	1.76248
9.0097	1.71935
9.02027	1.67464
9.03084	1.62848
9.04141	1.58101
9.05198	1.53238
9.06254	1.48338
9.07311	1.43416
9.08368	1.38429
9.09425	1.33394
9.10482	1.28331
9.11539	1.23257
9.12595	1.18194
9.13652	1.13158
9.14709	1.08167
9.15766	1.0324
9.16823	0.98398
9.17879	0.93656
9.18936	0.89033
9.19993	0.84543
9.2105	0.80204
9.22107	0.76028
9.23164	0.72029
9.2422	0.68219
9.25277	0.64609
9.26334	0.61208
9.27391	0.58024
9.28448	0.55063
9.29505	0.5233
9.30561	0.49829
9.31618	0.47562
9.32675	0.45529
9.33732	0.4373
9.34789	0.42162
9.35846	0.40823
9.36902	0.39707
9.37959	0.3881
9.39016	0.38124
9.40073	0.37641
9.4113	0.37353
9.42187	0.37252
9.43243	0.37327
9.443	0.37567
9.45357	0.37963
9.46414	0.38503
9.47471	0.39177
9.48528	0.39977
9.49584	0.40885
9.50641	0.41897
9.51698	0.43
9.52755	0.44186
9.53812	0.45446
9.54869	0.46772
9.55925	0.48156
9.56982	0.49592
9.58039	0.51075
9.59096	0.526
9.60153	0.54164
9.6121	0.55766
9.62266	0.574
9.63323	0.59069
9.6438	0.60773
9.65437	0.62512
9.66494	0.64348
9.67551	0.66284
9.68607	0.68259
9.69664	0.70277
9.70721	0.72337
9.71778	0.74445
9.72835	0.766
9.73892	0.78805
9.74948	0.81061
9.76005	0.83367
9.77062	0.85725
9.78119	0.88132
9.79176	0.90588
9.80233	0.93088
9.81289	0.9563
9.82346	0.98208
9.83403	1.00815
9.8446	1.03445
9.85517	1.0609
9.86574	1.08737
9.8763	1.11382
9.88687	1.14011
9.89744	1.16613
9.90801	1.19177
9.91858	1.2169
9.92915	1.24144
9.93971	1.26523
9.95028	1.28819
9.96085	1.31021
9.97142	1.33119
9.98199	1.35106
9.99256	1.36975
10.00312	1.38721
10.01369	1.4034
10.02426	1.41829
10.03483	1.43186
10.0454	1.44515
10.05597	1.45878
10.06653	1.47175
10.0771	1.48348
10.08767	1.49402
10.09824	1.50342
10.10881	1.51175
10.11938	1.51909
10.12994	1.52551
10.14051	1.53111
10.15108	1.53597
10.16165	1.54019
10.17222	1.54386
10.18279	1.54706
10.19335	1.54986
10.20392	1.55234
10.21449	1.55457
10.22506	1.55657
10.23563	1.55839
10.24619	1.56006
10.25676	1.56158
10.26733	1.56295
10.2779	1.56415
10.28847	1.56515
10.29904	1.56591
10.3096	1.56636
10.32017	1.56646
10.33074	1.56612
10.34131	1.56529
10.35188	1.56387
10.36245	1.56179
10.37301	1.55897
10.38358	1.55535
10.39415	1.55084
10.40472	1.54662
10.41529	1.5426
10.42586	1.53753
10.43642	1.53136
10.44699	1.52405
10.45756	1.51559
10.46813	1.50598
10.4787	1.49523
10.48927	1.48335
10.49983	1.47041
10.5104	1.45646
10.52097	1.44158
10.53154	1.42645
10.54211	1.41116
10.55268	1.3952
10.56324	1.37869
10.57381	1.36172
10.58438	1.34439
10.59495	1.32685
10.60552	1.30919
10.61609	1.29153
10.62665	1.27399
10.63722	1.25666
10.64779	1.23964
10.65836	1.22302
10.66893	1.20689
10.6795	1.19133
10.69006	1.17639
10.70063	1.16213
10.7112	1.1486
10.72177	1.13584
10.73234	1.12385
10.74291	1.11267
10.75347	1.1023
10.76404	1.09272
10.77461	1.08414
10.78518	1.07653
10.79575	1.06966
10.80632	1.0635
10.81688	1.05801
10.82745	1.05314
10.83802	1.04886
10.84859	1.04573
10.85916	1.04368
10.86973	1.04206
10.88029	1.04081
10.89086	1.03988
10.90143	1.0392
10.912	1.03873
10.92257	1.03841
10.93314	1.03822
10.9437	1.03809
10.95427	1.038
10.96484	1.03789
10.97541	1.03776
10.98598	1.0376
10.99655	1.03736
11.00711	1.03704
11.01768	1.03661
11.02825	1.03609
11.03882	1.03546
11.04939	1.03472
11.05996	1.03388
11.07052	1.03295
11.08109	1.03193
11.09166	1.03085
11.10223	1.03033
11.1128	1.03036
11.12337	1.03036
11.13393	1.03052
11.1445	1.03086
11.15507	1.03117
11.16564	1.03146
11.17621	1.03172
11.18678	1.03195
11.19734	1.03215
11.20791	1.03231
11.21848	1.03241
11.22905	1.03244
11.23962	1.03238
11.25019	1.03221
11.26075	1.03189
11.27132	1.0314
11.28189	1.0307
11.29246	1.02975
11.30303	1.02851
11.31359	1.02692
11.32416	1.02492
11.33473	1.02251
11.3453	1.0196
11.35587	1.01614
11.36644	1.01208
11.377	1.00739
11.38757	1.00261
11.39814	0.99769
11.40871	0.99197
11.41928	0.9854
11.42985	0.97796
11.44041	0.96962
11.45098	0.96034
11.46155	0.95014
11.47212	0.93901
11.48269	0.92695
11.49326	0.91399
11.50382	0.90017
11.51439	0.88552
11.52496	0.87012
11.53553	0.85403
11.5461	0.83793
11.55667	0.82191
11.56723	0.80546
11.5778	0.78868
11.58837	0.77168
11.59894	0.75458
11.60951	0.73749
11.62008	0.72055
11.63064	0.70389
11.64121	0.68763
11.65178	0.67193
11.66235	0.6569
11.67292	0.64272
11.68349	0.62947
11.69405	0.61729
11.70462	0.60632
11.71519	0.59666
11.72576	0.58843
11.73633	0.58173
11.7469	0.57665
11.75746	0.57329
11.76803	0.57169
11.7786	0.57196
11.78917	0.57413
11.79974	0.57824
11.81031	0.58434
11.82087	0.59245
11.83144	0.60257
11.84201	0.61472
11.85258	0.62889
11.86315	0.64507
11.87372	0.66323
11.88428	0.68334
11.89485	0.70537
11.90542	0.72926
11.91599	0.75496
11.92656	0.78241
11.93713	0.81154
11.94769	0.84228
11.95826	0.87454
11.96883	0.90824
11.9794	0.9433
11.98997	0.9796
12.00054	1.01705
12.0111	1.05554
12.02167	1.09554
12.03224	1.13697
12.04281	1.17905
12.05338	1.22165
12.06395	1.26463
12.07451	1.30784
12.08508	1.35112
12.09565	1.39432
12.10622	1.43729
12.11679	1.47987
12.12736	1.52189
12.13792	1.56321
12.14849	1.60368
12.15906	1.64313
12.16963	1.68142
12.1802	1.71842
12.19077	1.75399
12.20133	1.7882
12.2119	1.82095
12.22247	1.85191
12.23304	1.88099
12.24361	1.90811
12.25418	1.93319
12.26474	1.95617
12.27531	1.97702
12.28588	1.99569
12.29645	2.01279
12.30702	2.02891
12.31759	2.04405
12.32815	2.0576
12.33872	2.06897
12.34929	2.07816
12.35986	2.08523
12.37043	2.0902
12.38099	2.09314
12.39156	2.0941
12.40213	2.09316
12.4127	2.09039
12.42327	2.08588
12.43384	2.07971
12.4444	2.07197
12.45497	2.06275
12.46554	2.05215
12.47611	2.04026
12.48668	2.02718
12.49725	2.013
12.50781	1.9978
12.51838	1.98168
12.52895	1.96491
12.53952	1.94758
12.55009	1.92955
12.56066	1.91092
12.57122	1.89171
12.58179	1.87202
12.59236	1.85309
12.60293	1.83498
12.6135	1.81651
12.62407	1.79771
12.63463	1.77859
12.6452	1.75921
12.65577	1.73954
12.66634	1.71963
12.67691	1.69948
12.68748	1.67913
12.69804	1.65858
12.70861	1.63786
12.71918	1.617
12.72975	1.59599
12.74032	1.57485
12.75089	1.55362
12.76145	1.5323
12.77202	1.51092
12.78259	1.48951
12.79316	1.46808
12.80373	1.44667
12.8143	1.4259
12.82486	1.4058
12.83543	1.38578
12.846	1.36587
12.85657	1.34609
12.86714	1.32647
12.87771	1.30704
12.88827	1.28785
12.89884	1.26892
12.90941	1.25031
12.91998	1.23205
12.93055	1.21419
12.94112	1.19679
12.95168	1.18053
12.96225	1.16545
12.97282	1.15099
12.98339	1.13722
12.99396	1.12419
13.00453	1.11197
13.01509	1.10062
13.02566	1.09021
13.03623	1.0808
13.0468	1.07247
13.05737	1.06528
13.06794	1.05931
13.0785	1.05461
13.08907	1.05126
13.09964	1.04932
13.11021	1.04885
13.12078	1.04991
13.13135	1.05256
13.14191	1.05684
13.15248	1.06279
13.16305	1.07045
13.17362	1.07984
13.18419	1.09098
13.19476	1.10389
13.20532	1.11855
13.21589	1.13493
13.22646	1.15364
13.23703	1.17462
13.2476	1.19722
13.25817	1.22133
13.26873	1.24686
13.2793	1.2737
13.28987	1.30173
13.30044	1.3308
13.31101	1.36074
13.32158	1.39139
13.33214	1.42256
13.34271	1.45405
13.35328	1.48564
13.36385	1.5171
13.37442	1.5482
13.38499	1.57869
13.39555	1.60833
13.40612	1.63685
13.41669	1.66401
13.42726	1.68954
13.43783	1.71321
13.44839	1.73475
13.45896	1.75394
13.46953	1.77056
13.4801	1.785
13.49067	1.79706
13.50124	1.80596
13.5118	1.81151
13.52237	1.81363
13.53294	1.81218
13.54351	1.80709
13.55408	1.79829
13.56465	1.78698
13.57521	1.77316
13.58578	1.75563
13.59635	1.73445
13.60692	1.7097
13.61749	1.68147
13.62806	1.64992
13.63862	1.61581
13.64919	1.57931
13.65976	1.54004
13.67033	1.4982
13.6809	1.45402
13.69147	1.40777
13.70203	1.35971
13.7126	1.31009
13.72317	1.2592
13.73374	1.20731
13.74431	1.1547
13.75488	1.10166
13.76544	1.04843
13.77601	0.99528
13.78658	0.94245
13.79715	0.89019
13.80772	0.83869
13.81829	0.78818
13.82885	0.73882
13.83942	0.6908
13.84999	0.64424
13.86056	0.59929
13.87113	0.55604
13.8817	0.51459
13.89226	0.47501
13.90283	0.43734
13.9134	0.40163
13.92397	0.36787
13.93454	0.33608
13.94511	0.30624
13.95567	0.27833
13.96624	0.2523
13.97681	0.22811
13.98738	0.20571
13.99795	0.18502
14.00852	0.16597
14.01908	0.1485
14.02965	0.13253
14.04022	0.11796
14.05079	0.10472
14.06136	0.09272
14.07193	0.08188
14.08249	0.07212
14.09306	0.06336
14.10363	0.05552
14.1142	0.04852
14.12477	0.0423
14.13534	0.03678
14.1459	0.03189
14.15647	0.0276
14.16704	0.02383
14.17761	0.02052
14.18818	0.01764
14.19875	0.01514
14.20931	0.01298
14.21988	0.01111
14.23045	0.00951
14.24102	0.00815
14.25159	0.007
14.26216	0.00603
14.27272	0.00524
14.28329	0.00459
14.29386	0.00407
14.30443	0.00367
14.315	0.00338
14.32557	0.00319
14.33613	0.0031
14.3467	0.00309
14.35727	0.00317
14.36784	0.00333
14.37841	0.00357
14.38898	0.00389
14.39954	0.00429
14.41011	0.00478
14.42068	0.00537
14.43125	0.00604
14.44182	0.00682
14.45239	0.0077
14.46295	0.00869
14.47352	0.0098
14.48409	0.01101
14.49466	0.01238
14.50523	0.01388
14.51579	0.01554
14.52636	0.01734
14.53693	0.0193
14.5475	0.02142
14.55807	0.02371
14.56864	0.02618
14.5792	0.02882
14.58977	0.03165
14.60034	0.03465
14.61091	0.03784
14.62148	0.0412
14.63205	0.04474
14.64261	0.04845
14.65318	0.05232
14.66375	0.05633
14.67432	0.06049
14.68489	0.06477
14.69546	0.06917
14.70602	0.07365
14.71659	0.07821
14.72716	0.08281
14.73773	0.08745
14.7483	0.09209
14.75887	0.0967
14.76943	0.10126
14.78	0.10573
14.79057	0.1101
14.80114	0.11433
14.81171	0.11839
14.82228	0.12226
14.83284	0.12589
14.84341	0.12928
14.85398	0.13238
14.86455	0.13518
14.87512	0.13766
14.88569	0.13979
14.89625	0.14156
14.90682	0.14295
14.91739	0.14395
14.92796	0.14455
14.93853	0.14476
14.9491	0.14476
14.95966	0.14455
14.97023	0.14395
14.9808	0.14295
14.99137	0.14156
15.00194	0.13979
15.01251	0.13766
15.02307	0.13518
15.03364	0.13238
15.04421	0.12928
15.05478	0.12589
15.06535	0.12226
15.07592	0.11839
15.08648	0.11433
15.09705	0.1101
15.10762	0.10573
15.11819	0.10126
15.12876	0.0967
15.13933	0.09209
15.14989	0.08745
15.16046	0.08281
15.17103	0.07821
15.1816	0.07365
15.19217	0.06917
15.20274	0.06477
15.2133	0.06049
15.22387	0.05633
15.23444	0.05232
15.24501	0.04845
15.25558	0.04474
15.26615	0.0412
15.27671	0.03784
15.28728	0.03465
15.29785	0.03165
15.30842	0.02882
15.31899	0.02618
15.32956	0.02371
15.34012	0.02141
15.35069	0.01928
15.36126	0.01731
15.37183	0.01551
15.3824	0.01385
15.39297	0.01233
15.40353	0.01095
15.4141	0.0097
15.42467	0.00857
15.43524	0.00754
15.44581	0.00663
15.45638	0.0058
15.46694	0.00507
15.47751	0.00441
15.48808	0.00383
15.49865	0.00332
15.50922	0.00287
15.51979	0.00247
15.53035	0.00212
15.54092	0.00182
15.55149	0.00155
15.56206	0.00132
15.57263	0.00112
15.58319	9.50311E-4
15.59376	8.02602E-4
15.60433	6.75962E-4
15.6149	5.67717E-4
15.62547	4.75476E-4
15.63604	3.97111E-4
15.6466	3.30738E-4
15.65717	2.7469E-4
15.66774	2.27504E-4
15.67831	1.87898E-4
15.68888	1.54754E-4
15.69945	1.27101E-4
15.71001	1.04099E-4
15.72058	8.50215E-5
16.94651	0
