-57.72467	0
-57.7141	0
-56.63584	1.27387E-4
-56.62527	1.61757E-4
-56.61469	2.04827E-4
-56.60412	2.58641E-4
-56.59355	3.25684E-4
-56.58298	4.0896E-4
-56.57241	5.12098E-4
-56.56184	6.39457E-4
-56.55127	7.96262E-4
-56.5407	9.88753E-4
-56.53013	0.00122
-56.51955	0.00151
-56.50898	0.00186
-56.49841	0.00229
-56.48784	0.0028
-56.47727	0.00342
-56.4667	0.00416
-56.45613	0.00505
-56.44556	0.00612
-56.43498	0.00739
-56.42441	0.0089
-56.41384	0.01069
-56.40327	0.0128
-56.3927	0.01528
-56.38213	0.0182
-56.37156	0.02161
-56.36099	0.02559
-56.35041	0.03021
-56.33984	0.03558
-56.32927	0.04178
-56.3187	0.04892
-56.30813	0.05712
-56.29756	0.06652
-56.28699	0.07724
-56.27642	0.08944
-56.26585	0.10329
-56.25527	0.11894
-56.2447	0.13657
-56.23413	0.15639
-56.22356	0.17859
-56.21299	0.20336
-56.20242	0.23093
-56.19185	0.2615
-56.18128	0.29529
-56.1707	0.33251
-56.16013	0.37339
-56.14956	0.41812
-56.13899	0.4669
-56.12842	0.51992
-56.11785	0.57735
-56.10728	0.63933
-56.09671	0.70599
-56.08614	0.77742
-56.07556	0.85369
-56.06499	0.93483
-56.05442	1.02083
-56.04385	1.11163
-56.03328	1.20712
-56.02271	1.30717
-56.01214	1.41155
-56.00157	1.52002
-55.99099	1.63226
-55.98042	1.7479
-55.96985	1.8665
-55.95928	1.9876
-55.94871	2.11064
-55.93814	2.23505
-55.92757	2.36019
-55.917	2.48538
-55.90642	2.60991
-55.89585	2.73304
-55.88528	2.85399
-55.87471	2.97197
-55.86414	3.0862
-55.85357	3.19588
-55.843	3.30023
-55.83243	3.39847
-55.82186	3.48988
-55.81128	3.57374
-55.80071	3.64942
-55.79014	3.71629
-55.77957	3.77384
-55.769	3.82158
-55.75843	3.85913
-55.74786	3.88618
-55.73729	3.9025
-55.72671	3.90795
-55.71614	3.90795
-55.70557	3.9025
-55.695	3.88618
-55.68443	3.85913
-55.67386	3.82158
-55.66329	3.77384
-55.65272	3.71629
-55.64214	3.64942
-55.63157	3.57374
-55.621	3.48988
-55.61043	3.39847
-55.59986	3.30023
-55.58929	3.19588
-55.57872	3.0862
-55.56815	2.97197
-55.55758	2.85399
-55.547	2.73304
-55.53643	2.60991
-55.52586	2.48538
-55.51529	2.36019
-55.50472	2.23505
-55.49415	2.11064
-55.48358	1.9876
-55.47301	1.8665
-55.46243	1.7479
-55.45186	1.63226
-55.44129	1.52002
-55.43072	1.41155
-55.42015	1.30717
-55.40958	1.20712
-55.39901	1.11163
-55.38844	1.02083
-55.37787	0.93483
-55.36729	0.85369
-55.35672	0.77742
-55.34615	0.70599
-55.33558	0.63933
-55.32501	0.57735
-55.31444	0.51992
-55.30387	0.4669
-55.2933	0.41812
-55.28272	0.37339
-55.27215	0.33251
-55.26158	0.29529
-55.25101	0.2615
-55.24044	0.23093
-55.22987	0.20336
-55.2193	0.17859
-55.20873	0.15639
-55.19815	0.13657
-55.18758	0.11894
-55.17701	0.10329
-55.16644	0.08944
-55.15587	0.07724
-55.1453	0.06652
-55.13473	0.05712
-55.12416	0.04892
-55.11359	0.04178
-55.10301	0.03558
-55.09244	0.03021
-55.08187	0.02559
-55.0713	0.02161
-55.06073	0.0182
-55.05016	0.01528
-55.03959	0.0128
-55.02902	0.01069
-55.01844	0.0089
-55.00787	0.00739
-54.9973	0.00612
-54.98673	0.00505
-54.97616	0.00416
-54.96559	0.00342
-54.95502	0.0028
-54.94445	0.00229
-54.93388	0.00186
-54.9233	0.00151
-54.91273	0.00122
-54.90216	9.88753E-4
-54.89159	7.96262E-4
-54.88102	6.39457E-4
-54.87045	5.12098E-4
-54.85988	4.0896E-4
-54.84931	3.25684E-4
-54.83873	2.58641E-4
-54.82816	2.04827E-4
-54.81759	1.61757E-4
-54.80702	1.27387E-4
-54.79645	0
-32.67094	2.02266E-4
-32.66037	3.36566E-4
-32.6498	5.43811E-4
-32.63923	6.96558E-4
-32.62866	8.7777E-4
-32.61809	0.0011
-32.60752	0.00138
-32.59695	0.00173
-32.58637	0.00215
-32.5758	0.00268
-32.56523	0.00332
-32.55466	0.0041
-32.54409	0.00505
-32.53352	0.00621
-32.52295	0.00761
-32.51238	0.0093
-32.5018	0.01133
-32.49123	0.01377
-32.48066	0.01669
-32.47009	0.02017
-32.45952	0.02432
-32.44895	0.02923
-32.43838	0.03503
-32.42781	0.04187
-32.41723	0.04991
-32.40666	0.05933
-32.39609	0.07033
-32.38552	0.08313
-32.37495	0.09799
-32.36438	0.11519
-32.35381	0.13503
-32.34324	0.15785
-32.33267	0.18402
-32.32209	0.21392
-32.31152	0.24799
-32.30095	0.2867
-32.29038	0.33052
-32.27981	0.37998
-32.26924	0.43563
-32.25867	0.49804
-32.2481	0.56782
-32.23752	0.64557
-32.22695	0.73193
-32.21638	0.82754
-32.20581	0.93304
-32.19524	1.04906
-32.18467	1.17624
-32.1741	1.31518
-32.16353	1.46644
-32.15295	1.63055
-32.14238	1.808
-32.13181	1.99919
-32.12124	2.20446
-32.11067	2.42406
-32.1001	2.65812
-32.08953	2.9067
-32.07896	3.16969
-32.06839	3.44687
-32.05781	3.73789
-32.04724	4.04222
-32.03667	4.35918
-32.0261	4.68794
-32.01553	5.0275
-32.00496	5.37667
-31.99439	5.73413
-31.98382	6.09837
-31.97324	6.46773
-31.96267	6.84041
-31.9521	7.21447
-31.94153	7.58786
-31.93096	7.9584
-31.92039	8.32386
-31.90982	8.68192
-31.89925	9.03023
-31.88868	9.36642
-31.8781	9.68815
-31.86753	9.9931
-31.85696	10.27902
-31.84639	10.54376
-31.83582	10.78527
-31.82525	11.00168
-31.81468	11.19125
-31.80411	11.35248
-31.79353	11.48404
-31.78296	11.58486
-31.77239	11.65471
-31.76182	11.69604
-31.75125	11.71175
-31.74068	11.7021
-31.73011	11.66838
-31.71954	11.60786
-31.70896	11.51597
-31.69839	11.39307
-31.68782	11.24018
-31.67725	11.05854
-31.66668	10.84962
-31.65611	10.61508
-31.64554	10.35676
-31.63497	10.07666
-31.6244	9.7769
-31.61382	9.45971
-31.60325	9.12739
-31.59268	8.78228
-31.58211	8.42674
-31.57154	8.06314
-31.56097	7.6938
-31.5504	7.32098
-31.53983	6.94688
-31.52925	6.57359
-31.51868	6.20308
-31.50811	5.83719
-31.49754	5.47762
-31.48697	5.12592
-31.4764	4.78348
-31.46583	4.45152
-31.45526	4.13109
-31.44469	3.82307
-31.43411	3.5282
-31.42354	3.24702
-31.41297	2.97994
-31.4024	2.72724
-31.39183	2.48904
-31.38126	2.26533
-31.37069	2.05599
-31.36012	1.86082
-31.34954	1.6795
-31.33897	1.51163
-31.3284	1.35677
-31.31783	1.21438
-31.30726	1.08392
-31.29669	0.96479
-31.28612	0.85636
-31.27555	0.75801
-31.26497	0.66909
-31.2544	0.58896
-31.24383	0.51699
-31.23326	0.45255
-31.22269	0.39504
-31.21212	0.34388
-31.20155	0.29852
-31.19098	0.25842
-31.18041	0.22308
-31.16983	0.19204
-31.15926	0.16487
-31.14869	0.14114
-31.13812	0.12049
-31.12755	0.10258
-31.11698	0.08709
-31.10641	0.07373
-31.09584	0.06225
-31.08526	0.05241
-31.07469	0.044
-31.06412	0.03684
-31.05355	0.03076
-31.04298	0.02561
-31.03241	0.02126
-31.02184	0.0176
-31.01127	0.01454
-31.00069	0.01197
-30.99012	0.00983
-30.97955	0.00805
-30.96898	0.00657
-30.95841	0.00535
-30.94784	0.00434
-30.93727	0.00352
-30.9267	0.00284
-30.91613	0.00229
-30.90555	0.00184
-30.89498	0.00147
-30.88441	0.00117
-30.87384	9.35433E-4
-30.86327	7.42857E-4
-30.8527	5.77172E-4
-30.84213	4.00302E-4
-30.83156	2.45153E-4
-30.82098	1.29933E-4
-30.81041	9.43604E-6
-9.73146	1.03677E-4
-9.72088	1.266E-4
-9.71031	1.5416E-4
-9.69974	1.87197E-4
-9.68917	2.26678E-4
-9.6786	2.73721E-4
-9.66803	3.29605E-4
-9.65746	3.9579E-4
-9.64689	4.73941E-4
-9.63631	5.65938E-4
-9.62574	6.73909E-4
-9.61517	8.00239E-4
-9.6046	9.476E-4
-9.59403	0.00112
-9.58346	0.00132
-9.57289	0.00155
-9.56232	0.00181
-9.55175	0.00212
-9.54117	0.00246
-9.5306	0.00286
-9.52003	0.00331
-9.50946	0.00383
-9.49889	0.00441
-9.48832	0.00506
-9.47775	0.00579
-9.46718	0.00661
-9.4566	0.00753
-9.44603	0.00855
-9.43546	0.00969
-9.42489	0.01094
-9.41432	0.01232
-9.40375	0.01383
-9.39318	0.01549
-9.38261	0.01729
-9.37203	0.01926
-9.36146	0.02138
-9.35089	0.02368
-9.34032	0.02615
-9.32975	0.02879
-9.31918	0.03162
-9.30861	0.03462
-9.29804	0.03781
-9.28747	0.04117
-9.27689	0.04471
-9.26632	0.04841
-9.25575	0.05228
-9.24518	0.0563
-9.23461	0.06045
-9.22404	0.06474
-9.21347	0.06914
-9.2029	0.07363
-9.19232	0.07819
-9.18175	0.08281
-9.17118	0.08745
-9.16061	0.0921
-9.15004	0.09672
-9.13947	0.10129
-9.1289	0.10579
-9.11833	0.11018
-9.10776	0.11444
-9.09718	0.11853
-9.08661	0.12244
-9.07604	0.12612
-9.06547	0.12957
-9.0549	0.13274
-9.04433	0.13563
-9.03376	0.1382
-9.02319	0.14045
-9.01261	0.14236
-9.00204	0.14392
-8.99147	0.14512
-8.9809	0.14596
-8.97033	0.14644
-8.95976	0.14676
-8.94919	0.14694
-8.93862	0.14678
-8.92804	0.14629
-8.91747	0.14549
-8.9069	0.14441
-8.89633	0.14308
-8.88576	0.14151
-8.87519	0.13975
-8.86462	0.13784
-8.85405	0.13581
-8.84348	0.13371
-8.8329	0.13158
-8.82233	0.12948
-8.81176	0.12745
-8.80119	0.12555
-8.79062	0.12382
-8.78005	0.12232
-8.76948	0.12111
-8.75891	0.12022
-8.74833	0.11973
-8.73776	0.11966
-8.72719	0.12007
-8.71662	0.12101
-8.70605	0.12251
-8.69548	0.1246
-8.68491	0.12733
-8.67434	0.13072
-8.66376	0.13479
-8.65319	0.13956
-8.64262	0.14504
-8.63205	0.15125
-8.62148	0.15816
-8.61091	0.16577
-8.60034	0.17406
-8.58977	0.18302
-8.5792	0.19262
-8.56862	0.2028
-8.55805	0.21354
-8.54748	0.22477
-8.53691	0.23644
-8.52634	0.24848
-8.51577	0.26082
-8.5052	0.27339
-8.49463	0.28609
-8.48405	0.29885
-8.47348	0.31158
-8.46291	0.32419
-8.45234	0.33657
-8.44177	0.34865
-8.4312	0.36032
-8.42063	0.37151
-8.41006	0.38211
-8.39949	0.39205
-8.38891	0.40124
-8.37834	0.40963
-8.36777	0.41713
-8.3572	0.42371
-8.34663	0.42929
-8.33606	0.43386
-8.32549	0.43739
-8.31492	0.43985
-8.30434	0.44124
-8.29377	0.44217
-8.2832	0.44267
-8.27263	0.44213
-8.26206	0.4406
-8.25149	0.43811
-8.24092	0.43472
-8.23035	0.43049
-8.21977	0.42549
-8.2092	0.41981
-8.19863	0.41353
-8.18806	0.40676
-8.17749	0.39958
-8.16692	0.39212
-8.15635	0.38446
-8.14578	0.37674
-8.13521	0.36905
-8.12463	0.3615
-8.11406	0.3542
-8.10349	0.34726
-8.09292	0.34077
-8.08235	0.33483
-8.07178	0.3295
-8.06121	0.32487
-8.05064	0.321
-8.04006	0.31795
-8.02949	0.31576
-8.01892	0.31446
-8.00835	0.31408
-7.99778	0.31462
-7.98721	0.31607
-7.97664	0.31843
-7.96607	0.32166
-7.9555	0.32572
-7.94492	0.33057
-7.93435	0.33615
-7.92378	0.34238
-7.91321	0.3492
-7.90264	0.35651
-7.89207	0.36424
-7.8815	0.37227
-7.87093	0.38053
-7.86035	0.3889
-7.84978	0.39729
-7.83921	0.4056
-7.82864	0.41374
-7.81807	0.42162
-7.8075	0.42914
-7.79693	0.43622
-7.78636	0.4428
-7.77578	0.44882
-7.76521	0.45421
-7.75464	0.45893
-7.74407	0.46296
-7.7335	0.46626
-7.72293	0.46884
-7.71236	0.4713
-7.70179	0.47364
-7.69122	0.47529
-7.68064	0.47627
-7.67007	0.47661
-7.6595	0.47637
-7.64893	0.4756
-7.63836	0.47438
-7.62779	0.47279
-7.61722	0.47088
-7.60665	0.46874
-7.59607	0.46648
-7.5855	0.46417
-7.57493	0.46191
-7.56436	0.45978
-7.55379	0.45789
-7.54322	0.4563
-7.53265	0.4551
-7.52208	0.45435
-7.5115	0.45411
-7.50093	0.45445
-7.49036	0.45541
-7.47979	0.45701
-7.46922	0.45929
-7.45865	0.46225
-7.44808	0.4659
-7.43751	0.47023
-7.42694	0.47521
-7.41636	0.48082
-7.40579	0.487
-7.39522	0.49372
-7.38465	0.5009
-7.37408	0.50849
-7.36351	0.51642
-7.35294	0.5246
-7.34237	0.53297
-7.33179	0.54147
-7.32122	0.54997
-7.31065	0.55842
-7.30008	0.56695
-7.28951	0.5755
-7.27894	0.58379
-7.26837	0.59177
-7.2578	0.5994
-7.24723	0.60666
-7.23665	0.61351
-7.22608	0.61995
-7.21551	0.62599
-7.20494	0.63166
-7.19437	0.63698
-7.1838	0.64202
-7.17323	0.64684
-7.16266	0.65213
-7.15208	0.65797
-7.14151	0.66386
-7.13094	0.66989
-7.12037	0.6762
-7.1098	0.6829
-7.09923	0.69013
-7.08866	0.69802
-7.07809	0.70671
-7.06751	0.71634
-7.05694	0.72704
-7.04637	0.73894
-7.0358	0.75217
-7.02523	0.76684
-7.01466	0.78306
-7.00409	0.80091
-6.99352	0.82048
-6.98295	0.8418
-6.97237	0.86491
-6.9618	0.88985
-6.95123	0.91659
-6.94066	0.9451
-6.93009	0.97535
-6.91952	1.00725
-6.90895	1.04073
-6.89838	1.07566
-6.8878	1.11188
-6.87723	1.14926
-6.86666	1.1876
-6.85609	1.22673
-6.84552	1.26643
-6.83495	1.3065
-6.82438	1.34671
-6.81381	1.38682
-6.80324	1.42662
-6.79266	1.46585
-6.78209	1.50433
-6.77152	1.54178
-6.76095	1.57802
-6.75038	1.61282
-6.73981	1.64602
-6.72924	1.67742
-6.71867	1.70688
-6.70809	1.73546
-6.69752	1.76304
-6.68695	1.7883
-6.67638	1.81113
-6.66581	1.83147
-6.65524	1.84928
-6.64467	1.86454
-6.6341	1.87786
-6.62352	1.88925
-6.61295	1.89836
-6.60238	1.90526
-6.59181	1.9098
-6.58124	1.91213
-6.57067	1.91232
-6.5601	1.91055
-6.54953	1.90694
-6.53896	1.90168
-6.52838	1.89496
-6.51781	1.88696
-6.50724	1.87792
-6.49667	1.86801
-6.4861	1.85748
-6.47553	1.84655
-6.46496	1.83546
-6.45439	1.82445
-6.44381	1.81375
-6.43324	1.80362
-6.42267	1.79428
-6.4121	1.78697
-6.40153	1.78197
-6.39096	1.77841
-6.38039	1.77653
-6.36982	1.77654
-6.35924	1.77861
-6.34867	1.78293
-6.3381	1.78968
-6.32753	1.799
-6.31696	1.81105
-6.30639	1.82595
-6.29582	1.84382
-6.28525	1.86476
-6.27468	1.88884
-6.2641	1.91611
-6.25353	1.94661
-6.24296	1.98073
-6.23239	2.0185
-6.22182	2.05945
-6.21125	2.10351
-6.20068	2.1506
-6.19011	2.20061
-6.17953	2.25341
-6.16896	2.30883
-6.15839	2.3667
-6.14782	2.42683
-6.13725	2.48902
-6.12668	2.55304
-6.11611	2.61866
-6.10554	2.68563
-6.09497	2.7537
-6.08439	2.82264
-6.07382	2.89239
-6.06325	2.9627
-6.05268	3.0331
-6.04211	3.10337
-6.03154	3.17327
-6.02097	3.2426
-6.0104	3.31116
-5.99982	3.37876
-5.98925	3.44588
-5.97868	3.51352
-5.96811	3.58097
-5.95754	3.64748
-5.94697	3.71294
-5.9364	3.77664
-5.92583	3.83852
-5.91525	3.89852
-5.90468	3.9566
-5.89411	4.01274
-5.88354	4.06696
-5.87297	4.11927
-5.8624	4.17031
-5.85183	4.22012
-5.84126	4.26815
-5.83069	4.31445
-5.82011	4.35907
-5.80954	4.40207
-5.79897	4.44412
-5.7884	4.48528
-5.77783	4.52504
-5.76726	4.56365
-5.75669	4.60111
-5.74612	4.6373
-5.73554	4.67225
-5.72497	4.70659
-5.7144	4.74033
-5.70383	4.77291
-5.69326	4.80432
-5.68269	4.83457
-5.67212	4.86366
-5.66155	4.89218
-5.65098	4.92032
-5.6404	4.94787
-5.62983	4.97462
-5.61926	5.00009
-5.60869	5.02427
-5.59812	5.04713
-5.58755	5.06988
-5.57698	5.09245
-5.56641	5.11363
-5.55583	5.13335
-5.54526	5.1516
-5.53469	5.16836
-5.52412	5.18362
-5.51355	5.19797
-5.50298	5.21141
-5.49241	5.22332
-5.48184	5.23475
-5.47126	5.24568
-5.46069	5.25511
-5.45012	5.26306
-5.43955	5.26954
-5.42898	5.27459
-5.41841	5.27824
-5.40784	5.28054
-5.39727	5.28158
-5.3867	5.28135
-5.37612	5.27997
-5.36555	5.27811
-5.35498	5.27645
-5.34441	5.27446
-5.33384	5.27221
-5.32327	5.26978
-5.3127	5.26726
-5.30213	5.26471
-5.29155	5.26159
-5.28098	5.2582
-5.27041	5.2546
-5.25984	5.25129
-5.24927	5.24835
-5.2387	5.24523
-5.22813	5.24202
-5.21756	5.23878
-5.20698	5.2356
-5.19641	5.23259
-5.18584	5.22973
-5.17527	5.22714
-5.1647	5.22486
-5.15413	5.22355
-5.14356	5.22387
-5.13299	5.22522
-5.12242	5.227
-5.11184	5.2292
-5.10127	5.2318
-5.0907	5.23478
-5.08013	5.23809
-5.06956	5.24347
-5.05899	5.25085
-5.04842	5.25832
-5.03785	5.26577
-5.02727	5.27301
-5.0167	5.27991
-5.00613	5.28631
-4.99556	5.29205
-4.98499	5.29696
-4.97442	5.30086
-4.96385	5.30359
-4.95328	5.30496
-4.94271	5.3048
-4.93213	5.30295
-4.92156	5.29986
-4.91099	5.29597
-4.90042	5.29053
-4.88985	5.28279
-4.87928	5.27261
-4.86871	5.25991
-4.85814	5.2446
-4.84756	5.22782
-4.83699	5.20956
-4.82642	5.18915
-4.81585	5.16722
-4.80528	5.14317
-4.79471	5.11646
-4.78414	5.08715
-4.77357	5.05533
-4.76299	5.02116
-4.75242	4.98479
-4.74185	4.94641
-4.73128	4.90626
-4.72071	4.86457
-4.71014	4.82282
-4.69957	4.78128
-4.689	4.73902
-4.67843	4.69631
-4.66785	4.65403
-4.65728	4.61252
-4.64671	4.57206
-4.63614	4.53291
-4.62557	4.49476
-4.615	4.45783
-4.60443	4.42238
-4.59386	4.38863
-4.58328	4.35679
-4.57271	4.32706
-4.56214	4.29956
-4.55157	4.27448
-4.541	4.25188
-4.53043	4.23185
-4.51986	4.21443
-4.50929	4.19963
-4.49872	4.18746
-4.48814	4.17789
-4.47757	4.17201
-4.467	4.16974
-4.45643	4.16972
-4.44586	4.17199
-4.43529	4.17637
-4.42472	4.18247
-4.41415	4.19006
-4.40357	4.19893
-4.393	4.20884
-4.38243	4.21958
-4.37186	4.23092
-4.36129	4.24263
-4.35072	4.25453
-4.34015	4.26637
-4.32958	4.27863
-4.319	4.29111
-4.30843	4.30305
-4.29786	4.31433
-4.28729	4.32483
-4.27672	4.33671
-4.26615	4.34987
-4.25558	4.36204
-4.24501	4.37316
-4.23444	4.38323
-4.22386	4.39224
-4.21329	4.40025
-4.20272	4.40732
-4.19215	4.41353
-4.18158	4.41898
-4.17101	4.42377
-4.16044	4.42804
-4.14987	4.43192
-4.13929	4.43563
-4.12872	4.43928
-4.11815	4.44487
-4.10758	4.45253
-4.09701	4.46058
-4.08644	4.46914
-4.07587	4.47834
-4.0653	4.48829
-4.05472	4.49907
-4.04415	4.51079
-4.03358	4.52349
-4.02301	4.53724
-4.01244	4.55211
-4.00187	4.56806
-3.9913	4.58512
-3.98073	4.6033
-3.97016	4.62317
-3.95958	4.64467
-3.94901	4.66714
-3.93844	4.69049
-3.92787	4.71462
-3.9173	4.74005
-3.90673	4.76664
-3.89616	4.79366
-3.88559	4.82161
-3.87501	4.8503
-3.86444	4.87959
-3.85387	4.90932
-3.8433	4.93874
-3.83273	4.96767
-3.82216	4.99597
-3.81159	5.0235
-3.80102	5.05072
-3.79045	5.07749
-3.77987	5.10315
-3.7693	5.12814
-3.75873	5.15237
-3.74816	5.17515
-3.73759	5.19644
-3.72702	5.21613
-3.71645	5.23422
-3.70588	5.25189
-3.6953	5.26913
-3.68473	5.28472
-3.67416	5.29867
-3.66359	5.31102
-3.65302	5.32179
-3.64245	5.33104
-3.63188	5.33948
-3.62131	5.34714
-3.61073	5.35351
-3.60016	5.35869
-3.58959	5.36278
-3.57902	5.36589
-3.56845	5.36995
-3.55788	5.37505
-3.54731	5.37948
-3.53674	5.38331
-3.52617	5.38725
-3.51559	5.39136
-3.50502	5.3951
-3.49445	5.39857
-3.48388	5.4018
-3.47331	5.40486
-3.46274	5.40777
-3.45217	5.41059
-3.4416	5.41335
-3.43102	5.4167
-3.42045	5.42061
-3.40988	5.42449
-3.39931	5.42836
-3.38874	5.43216
-3.37817	5.43587
-3.3676	5.43947
-3.35703	5.44349
-3.34646	5.44796
-3.33588	5.4528
-3.32531	5.45794
-3.31474	5.4633
-3.30417	5.46882
-3.2936	5.47381
-3.28303	5.47822
-3.27246	5.48257
-3.26189	5.48743
-3.25131	5.49213
-3.24074	5.49601
-3.23017	5.499
-3.2196	5.50174
-3.20903	5.50415
-3.19846	5.50559
-3.18789	5.50617
-3.17732	5.50587
-3.16674	5.50473
-3.15617	5.50282
-3.1456	5.50023
-3.13503	5.49706
-3.12446	5.49405
-3.11389	5.49134
-3.10332	5.48848
-3.09275	5.48683
-3.08218	5.48655
-3.0716	5.48662
-3.06103	5.48722
-3.05046	5.48853
-3.03989	5.49074
-3.02932	5.49466
-3.01875	5.50068
-3.00818	5.5092
-2.99761	5.52016
-2.98703	5.53294
-2.97646	5.54767
-2.96589	5.56507
-2.95532	5.58529
-2.94475	5.60778
-2.93418	5.63264
-2.92361	5.65989
-2.91304	5.68957
-2.90246	5.72167
-2.89189	5.75618
-2.88132	5.793
-2.87075	5.83209
-2.86018	5.87375
-2.84961	5.91783
-2.83904	5.96376
-2.82847	6.01136
-2.8179	6.06123
-2.80732	6.11314
-2.79675	6.166
-2.78618	6.21954
-2.77561	6.27351
-2.76504	6.32759
-2.75447	6.3815
-2.7439	6.43554
-2.73333	6.49003
-2.72275	6.54404
-2.71218	6.59788
-2.70161	6.65128
-2.69104	6.70273
-2.68047	6.75196
-2.6699	6.79872
-2.65933	6.84323
-2.64876	6.88521
-2.63819	6.92479
-2.62761	6.96178
-2.61704	6.99545
-2.60647	7.0263
-2.5959	7.0543
-2.58533	7.07878
-2.57476	7.10034
-2.56419	7.11943
-2.55362	7.13601
-2.54304	7.14975
-2.53247	7.16011
-2.5219	7.16715
-2.51133	7.17158
-2.50076	7.17351
-2.49019	7.17243
-2.47962	7.16966
-2.46905	7.16532
-2.45847	7.15829
-2.4479	7.1487
-2.43733	7.13659
-2.42676	7.12211
-2.41619	7.10593
-2.40562	7.08877
-2.39505	7.07004
-2.38448	7.04919
-2.37391	7.02627
-2.36333	7.00129
-2.35276	6.97427
-2.34219	6.94523
-2.33162	6.9142
-2.32105	6.88177
-2.31048	6.84791
-2.29991	6.81321
-2.28934	6.77809
-2.27876	6.74126
-2.26819	6.70231
-2.25762	6.6616
-2.24705	6.61916
-2.23648	6.5745
-2.22591	6.52766
-2.21534	6.47867
-2.20477	6.42756
-2.1942	6.37441
-2.18362	6.31991
-2.17305	6.26474
-2.16248	6.20847
-2.15191	6.1506
-2.14134	6.09192
-2.13077	6.0338
-2.1202	5.97582
-2.10963	5.91696
-2.09905	5.85745
-2.08848	5.79813
-2.07791	5.73929
-2.06734	5.68054
-2.05677	5.62215
-2.0462	5.5644
-2.03563	5.50758
-2.02506	5.45197
-2.01448	5.39786
-2.00391	5.34552
-1.99334	5.29522
-1.98277	5.24785
-1.9722	5.20422
-1.96163	5.16396
-1.95106	5.12664
-1.94049	5.09244
-1.92992	5.06211
-1.91934	5.03577
-1.90877	5.0129
-1.8982	4.99354
-1.88763	4.97775
-1.87706	4.96554
-1.86649	4.95687
-1.85592	4.95172
-1.84535	4.95003
-1.83477	4.9517
-1.8242	4.95664
-1.81363	4.96533
-1.80306	4.97766
-1.79249	4.99282
-1.78192	5.01071
-1.77135	5.03111
-1.76078	5.05385
-1.7502	5.07875
-1.73963	5.10684
-1.72906	5.13797
-1.71849	5.17066
-1.70792	5.20537
-1.69735	5.24191
-1.68678	5.27946
-1.67621	5.31788
-1.66564	5.35699
-1.65506	5.39661
-1.64449	5.43783
-1.63392	5.48049
-1.62335	5.52324
-1.61278	5.56594
-1.60221	5.60845
-1.59164	5.65123
-1.58107	5.69419
-1.57049	5.73657
-1.55992	5.77823
-1.54935	5.81909
-1.53878	5.85898
-1.52821	5.89839
-1.51764	5.93717
-1.50707	5.97458
-1.4965	6.01044
-1.48593	6.0452
-1.47535	6.07931
-1.46478	6.11196
-1.45421	6.14234
-1.44364	6.17023
-1.43307	6.19539
-1.4225	6.21761
-1.41193	6.23727
-1.40136	6.25474
-1.39078	6.26916
-1.38021	6.27966
-1.36964	6.28603
-1.35907	6.28804
-1.3485	6.28545
-1.33793	6.27805
-1.32736	6.26749
-1.31679	6.25357
-1.30621	6.23432
-1.29564	6.20956
-1.28507	6.17919
-1.2745	6.14315
-1.26393	6.10136
-1.25336	6.05385
-1.24279	6.00066
-1.23222	5.94185
-1.22165	5.87875
-1.21107	5.81212
-1.2005	5.74156
-1.18993	5.66667
-1.17936	5.58708
-1.16879	5.50308
-1.15822	5.41561
-1.14765	5.32544
-1.13708	5.23233
-1.1265	5.1369
-1.11593	5.03957
-1.10536	4.94019
-1.09479	4.83921
-1.08422	4.73713
-1.07365	4.63442
-1.06308	4.53218
-1.05251	4.4309
-1.04194	4.33047
-1.03136	4.23133
-1.02079	4.13396
-1.01022	4.03877
-0.99965	3.94622
-0.98908	3.85666
-0.97851	3.77088
-0.96794	3.68921
-0.95737	3.61154
-0.94679	3.53813
-0.93622	3.4692
-0.92565	3.40495
-0.91508	3.34551
-0.90451	3.29099
-0.89394	3.24147
-0.88337	3.19698
-0.8728	3.15751
-0.86222	3.12302
-0.85165	3.09343
-0.84108	3.06861
-0.83051	3.04843
-0.81994	3.03268
-0.80937	3.02241
-0.7988	3.01735
-0.78823	3.01598
-0.77766	3.01803
-0.76708	3.02319
-0.75651	3.03106
-0.74594	3.04131
-0.73537	3.05356
-0.7248	3.06742
-0.71423	3.08254
-0.70366	3.0985
-0.69309	3.11491
-0.68251	3.13138
-0.67194	3.14751
-0.66137	3.16355
-0.6508	3.17911
-0.64023	3.19321
-0.62966	3.20592
-0.61909	3.21688
-0.60852	3.22537
-0.59794	3.23112
-0.58737	3.23384
-0.5768	3.23329
-0.56623	3.22925
-0.55566	3.22157
-0.54509	3.2101
-0.53452	3.19534
-0.52395	3.17783
-0.51338	3.15691
-0.5028	3.13216
-0.49223	3.10361
-0.48166	3.07173
-0.47109	3.03666
-0.46052	2.99787
-0.44995	2.95554
-0.43938	2.90989
-0.42881	2.86113
-0.41823	2.80954
-0.40766	2.75598
-0.39709	2.70083
-0.38652	2.64439
-0.37595	2.58698
-0.36538	2.52836
-0.35481	2.46888
-0.34424	2.40889
-0.33367	2.34877
-0.32309	2.28888
-0.31252	2.22957
-0.30195	2.17117
-0.29138	2.11405
-0.28081	2.05853
-0.27024	2.00488
-0.25967	1.95338
-0.2491	1.90429
-0.23852	1.8578
-0.22795	1.81412
-0.21738	1.77342
-0.20681	1.7358
-0.19624	1.70138
-0.18567	1.67023
-0.1751	1.64235
-0.16453	1.61774
-0.15395	1.59638
-0.14338	1.57819
-0.13281	1.56309
-0.12224	1.55096
-0.11167	1.54165
-0.1011	1.53499
-0.09053	1.53079
-0.07996	1.52945
-0.06939	1.53076
-0.05881	1.53386
-0.04824	1.53853
-0.03767	1.54449
-0.0271	1.55151
-0.01653	1.55932
-0.00596	1.5677
0.00461	1.57641
0.01518	1.58522
0.02576	1.59393
0.03633	1.60235
0.0469	1.61031
0.05747	1.61768
0.06804	1.62429
0.07861	1.63007
0.08918	1.63494
0.09975	1.63926
0.11032	1.64297
0.1209	1.64571
0.13147	1.64751
0.14204	1.64839
0.15261	1.64964
0.16318	1.65134
0.17375	1.65239
0.18432	1.6529
0.19489	1.65301
0.20547	1.65286
0.21604	1.65262
0.22661	1.65249
0.23718	1.6526
0.24775	1.65316
0.25832	1.65434
0.26889	1.65636
0.27946	1.65937
0.29004	1.66353
0.30061	1.66903
0.31118	1.67602
0.32175	1.68459
0.33232	1.6949
0.34289	1.70701
0.35346	1.721
0.36403	1.73692
0.3746	1.75481
0.38518	1.77464
0.39575	1.79642
0.40632	1.82011
0.41689	1.84564
0.42746	1.87291
0.43803	1.9018
0.4486	1.93282
0.45917	1.96581
0.46975	2
0.48032	2.03522
0.49089	2.07127
0.50146	2.10797
0.51203	2.14533
0.5226	2.18317
0.53317	2.22108
0.54374	2.25893
0.55432	2.29657
0.56489	2.3338
0.57546	2.37051
0.58603	2.40656
0.5966	2.44189
0.60717	2.47642
0.61774	2.51013
0.62831	2.54299
0.63888	2.57565
0.64946	2.6081
0.66003	2.63982
0.6706	2.67148
0.68117	2.70378
0.69174	2.73624
0.70231	2.76836
0.71288	2.80028
0.72345	2.83218
0.73403	2.86479
0.7446	2.8983
0.75517	2.93227
0.76574	2.96687
0.77631	3.00226
0.78688	3.03861
0.79745	3.07608
0.80802	3.11481
0.81859	3.15494
0.82917	3.19658
0.83974	3.23984
0.85031	3.28481
0.86088	3.33155
0.87145	3.3801
0.88202	3.43049
0.89259	3.48273
0.90316	3.53682
0.91374	3.5927
0.92431	3.65035
0.93488	3.70991
0.94545	3.7713
0.95602	3.83424
0.96659	3.89904
0.97716	3.96622
0.98773	4.03525
0.99831	4.10542
1.00888	4.17661
1.01945	4.24871
1.03002	4.32164
1.04059	4.39528
1.05116	4.47016
1.06173	4.5464
1.0723	4.62389
1.08287	4.7024
1.09345	4.78142
1.10402	4.86087
1.11459	4.9405
1.12516	5.02022
1.13573	5.09992
1.1463	5.18078
1.15687	5.26268
1.16744	5.3443
1.17802	5.4255
1.18859	5.50616
1.19916	5.58609
1.20973	5.66512
1.2203	5.74303
1.23087	5.8202
1.24144	5.89636
1.25201	5.97122
1.26258	6.04444
1.27316	6.11511
1.28373	6.18278
1.2943	6.24729
1.30487	6.30824
1.31544	6.36499
1.32601	6.41708
1.33658	6.46469
1.34715	6.50738
1.35773	6.54412
1.3683	6.57447
1.37887	6.59807
1.38944	6.61452
1.40001	6.62412
1.41058	6.62657
1.42115	6.62141
1.43172	6.60844
1.4423	6.58712
1.45287	6.55737
1.46344	6.51916
1.47401	6.47499
1.48458	6.42616
1.49515	6.37161
1.50572	6.31031
1.51629	6.24131
1.52686	6.16495
1.53744	6.08159
1.54801	5.9917
1.55858	5.89639
1.56915	5.79625
1.57972	5.69127
1.59029	5.5821
1.60086	5.46944
1.61143	5.35401
1.62201	5.23655
1.63258	5.11782
1.64315	4.99919
1.65372	4.88141
1.66429	4.76465
1.67486	4.64963
1.68543	4.53708
1.696	4.42769
1.70658	4.3221
1.71715	4.22096
1.72772	4.12483
1.73829	4.03427
1.74886	3.94974
1.75943	3.8723
1.77	3.80232
1.78057	3.73951
1.79114	3.68412
1.80172	3.63636
1.81229	3.59637
1.82286	3.56485
1.83343	3.5418
1.844	3.52663
1.85457	3.51918
1.86514	3.51936
1.87571	3.52695
1.88629	3.54171
1.89686	3.56337
1.90743	3.59161
1.918	3.62607
1.92857	3.66635
1.93914	3.71201
1.94971	3.76261
1.96028	3.81767
1.97085	3.87667
1.98143	3.93912
1.992	4.00447
2.00257	4.0722
2.01314	4.14176
2.02371	4.2126
2.03428	4.28478
2.04485	4.35897
2.05542	4.43402
2.066	4.50813
2.07657	4.58084
2.08714	4.65159
2.09771	4.7199
2.10828	4.78532
2.11885	4.84739
2.12942	4.90634
2.13999	4.96177
2.15057	5.01274
2.16114	5.05894
2.17171	5.1001
2.18228	5.136
2.19285	5.16764
2.20342	5.19486
2.21399	5.21632
2.22456	5.23253
2.23513	5.24464
2.24571	5.25199
2.25628	5.25337
2.26685	5.24881
2.27742	5.2384
2.28799	5.22218
2.29856	5.2003
2.30913	5.17292
2.3197	5.14062
2.33028	5.10365
2.34085	5.0622
2.35142	5.01654
2.36199	4.96653
2.37256	4.91245
2.38313	4.85459
2.3937	4.79323
2.40427	4.72915
2.41484	4.66326
2.42542	4.59548
2.43599	4.52548
2.44656	4.45479
2.45713	4.38368
2.4677	4.31125
2.47827	4.2377
2.48884	4.16333
2.49941	4.08836
2.50999	4.01301
2.52056	3.93809
2.53113	3.86379
2.5417	3.78966
2.55227	3.71584
2.56284	3.64245
2.57341	3.56961
2.58398	3.49741
2.59456	3.42591
2.60513	3.35518
2.6157	3.28524
2.62627	3.21615
2.63684	3.1479
2.64741	3.08053
2.65798	3.01443
2.66855	2.9496
2.67912	2.88563
2.6897	2.82253
2.70027	2.76029
2.71084	2.69891
2.72141	2.63841
2.73198	2.57879
2.74255	2.52009
2.75312	2.46237
2.76369	2.40689
2.77427	2.35369
2.78484	2.30225
2.79541	2.25263
2.80598	2.20429
2.81655	2.15734
2.82712	2.11187
2.83769	2.06798
2.84826	2.0258
2.85884	1.98543
2.86941	1.94701
2.87998	1.91066
2.89055	1.87648
2.90112	1.84459
2.91169	1.81509
2.92226	1.78805
2.93283	1.76356
2.9434	1.74166
2.95398	1.72237
2.96455	1.7057
2.97512	1.69167
2.98569	1.68021
2.99626	1.67124
3.00683	1.66468
3.0174	1.66039
3.02797	1.65822
3.03855	1.65801
3.04912	1.65953
3.05969	1.6626
3.07026	1.66696
3.08083	1.67236
3.0914	1.67851
3.10197	1.68515
3.11254	1.69197
3.12311	1.69872
3.13369	1.7051
3.14426	1.71099
3.15483	1.71614
3.1654	1.7201
3.17597	1.7226
3.18654	1.72339
3.19711	1.72327
3.20768	1.72204
3.21826	1.71851
3.22883	1.71251
3.2394	1.70391
3.24997	1.69324
3.26054	1.68041
3.27111	1.66477
3.28168	1.64629
3.29225	1.62498
3.30283	1.6009
3.3134	1.5741
3.32397	1.54468
3.33454	1.51277
3.34511	1.47851
3.35568	1.44207
3.36625	1.4036
3.37682	1.36335
3.38739	1.32211
3.39797	1.2801
3.40854	1.23693
3.41911	1.19283
3.42968	1.14803
3.44025	1.10275
3.45082	1.05723
3.46139	1.0117
3.47196	0.96637
3.48254	0.92145
3.49311	0.87716
3.50368	0.83368
3.51425	0.79121
3.52482	0.74991
3.53539	0.70994
3.54596	0.67145
3.55653	0.63458
3.5671	0.59944
3.57768	0.56614
3.58825	0.53477
3.59882	0.50542
3.60939	0.47813
3.61996	0.45296
3.63053	0.42995
3.6411	0.40913
3.65167	0.3905
3.66225	0.37406
3.67282	0.3598
3.68339	0.34768
3.69396	0.33772
3.70453	0.32985
3.7151	0.32402
3.72567	0.32017
3.73624	0.31824
3.74682	0.31815
3.75739	0.31982
3.76796	0.32317
3.77853	0.3281
3.7891	0.33453
3.79967	0.34236
3.81024	0.35146
3.82081	0.36175
3.83138	0.37312
3.84196	0.38542
3.85253	0.39856
3.8631	0.41243
3.87367	0.4269
3.88424	0.44185
3.89481	0.45717
3.90538	0.47275
3.91595	0.48846
3.92653	0.5042
3.9371	0.51985
3.94767	0.53531
3.95824	0.55047
3.96881	0.56525
3.97938	0.57955
3.98995	0.59369
4.00052	0.60759
4.0111	0.62078
4.02167	0.63318
4.03224	0.64474
4.04281	0.65542
4.05338	0.66518
4.06395	0.67399
4.07452	0.68185
4.08509	0.68877
4.09566	0.69474
4.10624	0.69981
4.11681	0.704
4.12738	0.7074
4.13795	0.71006
4.14852	0.71206
4.15909	0.71349
4.16966	0.71445
4.18023	0.71569
4.19081	0.71731
4.20138	0.71883
4.21195	0.72038
4.22252	0.72211
4.23309	0.72417
4.24366	0.72669
4.25423	0.72983
4.2648	0.73375
4.27537	0.73859
4.28595	0.74449
4.29652	0.7516
4.30709	0.76005
4.31766	0.76997
4.32823	0.78147
4.3388	0.79464
4.34937	0.80958
4.35994	0.82635
4.37052	0.84499
4.38109	0.86554
4.39166	0.888
4.40223	0.91236
4.4128	0.93858
4.42337	0.9666
4.43394	0.99633
4.44451	1.02766
4.45509	1.06046
4.46566	1.09457
4.47623	1.12981
4.4868	1.16599
4.49737	1.20289
4.50794	1.24027
4.51851	1.27808
4.52908	1.31605
4.53965	1.35372
4.55023	1.3908
4.5608	1.427
4.57137	1.46203
4.58194	1.49565
4.59251	1.52752
4.60308	1.55741
4.61365	1.58506
4.62422	1.61065
4.6348	1.63395
4.64537	1.65437
4.65594	1.67172
4.66651	1.68587
4.67708	1.6967
4.68765	1.70413
4.69822	1.70812
4.70879	1.70863
4.71936	1.70631
4.72994	1.7012
4.74051	1.69337
4.75108	1.68354
4.76165	1.67122
4.77222	1.65595
4.78279	1.63791
4.79336	1.61731
4.80393	1.59436
4.81451	1.56931
4.82508	1.54242
4.83565	1.51396
4.84622	1.4842
4.85679	1.45344
4.86736	1.42196
4.87793	1.39006
4.8885	1.35801
4.89908	1.32609
4.90965	1.29455
4.92022	1.26368
4.93079	1.23368
4.94136	1.2048
4.95193	1.17722
4.9625	1.15111
4.97307	1.12665
4.98364	1.10397
4.99422	1.08318
5.00479	1.06439
5.01536	1.04766
5.02593	1.03306
5.0365	1.02062
5.04707	1.01037
5.05764	1.0023
5.06821	0.99641
5.07879	0.99267
5.08936	0.99107
5.09993	0.99153
5.1105	0.99406
5.12107	0.99857
5.13164	1.005
5.14221	1.01329
5.15278	1.02358
5.16336	1.0358
5.17393	1.04967
5.1845	1.06574
5.19507	1.0839
5.20564	1.10349
5.21621	1.12439
5.22678	1.14653
5.23735	1.16982
5.24792	1.19414
5.2585	1.21942
5.26907	1.24554
5.27964	1.27241
5.29021	1.2999
5.30078	1.32791
5.31135	1.35631
5.32192	1.38498
5.33249	1.4138
5.34307	1.44262
5.35364	1.47131
5.36421	1.49974
5.37478	1.52775
5.38535	1.55521
5.39592	1.58197
5.40649	1.60789
5.41706	1.63284
5.42763	1.65668
5.43821	1.67928
5.44878	1.70053
5.45935	1.72031
5.46992	1.73852
5.48049	1.75511
5.49106	1.76994
5.50163	1.78419
5.5122	1.79781
5.52278	1.80951
5.53335	1.81927
5.54392	1.82766
5.55449	1.83469
5.56506	1.83972
5.57563	1.84278
5.5862	1.84389
5.59677	1.84308
5.60735	1.84042
5.61792	1.83594
5.62849	1.82974
5.63906	1.82187
5.64963	1.81244
5.6602	1.80152
5.67077	1.78922
5.68134	1.77564
5.69191	1.76086
5.70249	1.74498
5.71306	1.7281
5.72363	1.71031
5.7342	1.69169
5.74477	1.67293
5.75534	1.65412
5.76591	1.63471
5.77648	1.61476
5.78706	1.59433
5.79763	1.57346
5.8082	1.55222
5.81877	1.53064
5.82934	1.50876
5.83991	1.48664
5.85048	1.46431
5.86105	1.44242
5.87162	1.421
5.8822	1.39949
5.89277	1.37793
5.90334	1.35634
5.91391	1.33477
5.92448	1.31328
5.93505	1.29192
5.94562	1.27074
5.95619	1.2498
5.96677	1.22917
5.97734	1.20891
5.98791	1.18911
5.99848	1.16986
6.00905	1.1512
6.01962	1.13322
6.03019	1.11661
6.04076	1.10144
6.05134	1.08716
6.06191	1.07383
6.07248	1.0615
6.08305	1.05023
6.09362	1.04005
6.10419	1.03096
6.11476	1.02301
6.12533	1.01618
6.1359	1.01048
6.14648	1.00588
6.15705	1.00234
6.16762	0.99981
6.17819	0.99824
6.18876	0.99753
6.19933	0.99761
6.2099	0.99838
6.22047	0.99971
6.23105	1.00149
6.24162	1.00358
6.25219	1.00585
6.26276	1.00815
6.27333	1.01034
6.2839	1.01227
6.29447	1.01381
6.30504	1.0148
6.31561	1.01512
6.32619	1.01464
6.33676	1.01326
6.34733	1.01086
6.3579	1.00737
6.36847	1.00271
6.37904	0.99683
6.38961	0.98971
6.40018	0.98253
6.41076	0.97531
6.42133	0.96681
6.4319	0.95711
6.44247	0.94625
6.45304	0.93427
6.46361	0.92128
6.47418	0.9074
6.48475	0.89275
6.49533	0.87746
6.5059	0.86168
6.51647	0.84559
6.52704	0.82935
6.53761	0.81315
6.54818	0.79717
6.55875	0.78159
6.56932	0.7666
6.57989	0.75237
6.59047	0.73907
6.60104	0.72686
6.61161	0.7159
6.62218	0.70632
6.63275	0.69823
6.64332	0.69177
6.65389	0.68699
6.66446	0.68395
6.67504	0.68274
6.68561	0.68335
6.69618	0.6858
6.70675	0.69007
6.71732	0.69613
6.72789	0.70393
6.73846	0.71339
6.74903	0.72442
6.75961	0.73693
6.77018	0.75079
6.78075	0.76588
6.79132	0.78206
6.80189	0.7992
6.81246	0.81713
6.82303	0.8357
6.8336	0.85476
6.84417	0.87416
6.85475	0.89375
6.86532	0.91339
6.87589	0.93294
6.88646	0.95228
6.89703	0.97128
6.9076	0.98986
6.91817	1.00853
6.92874	1.0272
6.93932	1.0452
6.94989	1.06246
6.96046	1.07898
6.97103	1.0947
6.9816	1.10964
6.99217	1.12378
7.00274	1.13715
7.01331	1.15038
7.02388	1.16351
7.03446	1.17599
7.04503	1.18785
7.0556	1.19917
7.06617	1.21
7.07674	1.22041
7.08731	1.23047
7.09788	1.24025
7.10845	1.24982
7.11903	1.25924
7.1296	1.26856
7.14017	1.27785
7.15074	1.28715
7.16131	1.29649
7.17188	1.30589
7.18245	1.31539
7.19302	1.32497
7.2036	1.33464
7.21417	1.34437
7.22474	1.35414
7.23531	1.3639
7.24588	1.3736
7.25645	1.38381
7.26702	1.3944
7.27759	1.40472
7.28816	1.41464
7.29874	1.42408
7.30931	1.43293
7.31988	1.44104
7.33045	1.44839
7.34102	1.45481
7.35159	1.4602
7.36216	1.46447
7.37273	1.46751
7.38331	1.46925
7.39388	1.4696
7.40445	1.46911
7.41502	1.46771
7.42559	1.46474
7.43616	1.46019
7.44673	1.45399
7.4573	1.44617
7.46787	1.43671
7.47845	1.42565
7.48902	1.41303
7.49959	1.39931
7.51016	1.38454
7.52073	1.36843
7.5313	1.35104
7.54187	1.33248
7.55244	1.31288
7.56302	1.29296
7.57359	1.27286
7.58416	1.25211
7.59473	1.23085
7.6053	1.20921
7.61587	1.18736
7.62644	1.16544
7.63701	1.1436
7.64759	1.12199
7.65816	1.10077
7.66873	1.08006
7.6793	1.06
7.68987	1.04072
7.70044	1.02236
7.71101	1.00501
7.72158	0.98881
7.73215	0.97383
7.74273	0.96018
7.7533	0.94793
7.76387	0.93715
7.77444	0.92791
7.78501	0.92026
7.79558	0.91424
7.80615	0.90989
7.81672	0.90725
7.8273	0.90633
7.83787	0.90714
7.84844	0.90971
7.85901	0.91404
7.86958	0.92012
7.88015	0.92795
7.89072	0.93751
7.90129	0.9494
7.91187	0.96359
7.92244	0.97944
7.93301	0.99691
7.94358	1.01597
7.95415	1.03657
7.96472	1.05865
7.97529	1.08217
7.98586	1.10705
7.99643	1.13325
8.00701	1.16068
8.01758	1.18929
8.02815	1.21898
8.03872	1.24969
8.04929	1.28132
8.05986	1.31379
8.07043	1.347
8.081	1.38086
8.09158	1.41525
8.10215	1.45009
8.11272	1.48525
8.12329	1.52064
8.13386	1.55614
8.14443	1.59165
8.155	1.62704
8.16557	1.66222
8.17614	1.69767
8.18672	1.7333
8.19729	1.76837
8.20786	1.80279
8.21843	1.83643
8.229	1.86919
8.23957	1.90097
8.25014	1.93229
8.26071	1.96304
8.27129	1.99252
8.28186	2.02064
8.29243	2.04751
8.303	2.07305
8.31357	2.09696
8.32414	2.11915
8.33471	2.13956
8.34528	2.15811
8.35586	2.17513
8.36643	2.19056
8.377	2.20389
8.38757	2.21505
8.39814	2.22398
8.40871	2.23061
8.41928	2.23487
8.42985	2.2367
8.44042	2.23664
8.451	2.23464
8.46157	2.23002
8.47214	2.22273
8.48271	2.21272
8.49328	2.19997
8.50385	2.18444
8.51442	2.16611
8.52499	2.14497
8.53557	2.12102
8.54614	2.0943
8.55671	2.06482
8.56728	2.03265
8.57785	1.99907
8.58842	1.96413
8.59899	1.92671
8.60956	1.88691
8.62013	1.84483
8.63071	1.80061
8.64128	1.75438
8.65185	1.70632
8.66242	1.6572
8.67299	1.6072
8.68356	1.55592
8.69413	1.50354
8.7047	1.45028
8.71528	1.39636
8.72585	1.342
8.73642	1.28742
8.74699	1.23285
8.75756	1.17852
8.76813	1.12465
8.7787	1.07146
8.78927	1.01918
8.79985	0.968
8.81042	0.91813
8.82099	0.86973
8.83156	0.82302
8.84213	0.77814
8.8527	0.73522
8.86327	0.69442
8.87384	0.65584
8.88441	0.61959
8.89499	0.58574
8.90556	0.55437
8.91613	0.52552
8.9267	0.49924
8.93727	0.47553
8.94784	0.45441
8.95841	0.43585
8.96898	0.41985
8.97956	0.40635
8.99013	0.39531
9.0007	0.38668
9.01127	0.38036
9.02184	0.3763
9.03241	0.3744
9.04298	0.37457
9.05355	0.3767
9.06413	0.38073
9.0747	0.38651
9.08527	0.39394
9.09584	0.40291
9.10641	0.41334
9.11698	0.42512
9.12755	0.43813
9.13812	0.4523
9.14869	0.46751
9.15927	0.4837
9.16984	0.50076
9.18041	0.51865
9.19098	0.53729
9.20155	0.55661
9.21212	0.57656
9.22269	0.59712
9.23326	0.61821
9.24384	0.63981
9.25441	0.6619
9.26498	0.68445
9.27555	0.70744
9.28612	0.73146
9.29669	0.75649
9.30726	0.78189
9.31783	0.80765
9.3284	0.83374
9.33898	0.86013
9.34955	0.88678
9.36012	0.91364
9.37069	0.94072
9.38126	0.96793
9.39183	0.99523
9.4024	1.02257
9.41297	1.04987
9.42355	1.07706
9.43412	1.10407
9.44469	1.13081
9.45526	1.1572
9.46583	1.18314
9.4764	1.20855
9.48697	1.23331
9.49754	1.25733
9.50812	1.28055
9.51869	1.30286
9.52926	1.32417
9.53983	1.3444
9.5504	1.3635
9.56097	1.38138
9.57154	1.39802
9.58211	1.41335
9.59268	1.42738
9.60326	1.44069
9.61383	1.45329
9.6244	1.46457
9.63497	1.47497
9.64554	1.48452
9.65611	1.49346
9.66668	1.50185
9.67725	1.50914
9.68783	1.51539
9.6984	1.52068
9.70897	1.52509
9.71954	1.52871
9.73011	1.53163
9.74068	1.53394
9.75125	1.53573
9.76182	1.53707
9.77239	1.53806
9.78297	1.53878
9.79354	1.53926
9.80411	1.53958
9.81468	1.53977
9.82525	1.53986
9.83582	1.53988
9.84639	1.53982
9.85696	1.53968
9.86754	1.53944
9.87811	1.53906
9.88868	1.5385
9.89925	1.53772
9.90982	1.53665
9.92039	1.53522
9.93096	1.53338
9.94153	1.53103
9.95211	1.52813
9.96268	1.52458
9.97325	1.52034
9.98382	1.51654
9.99439	1.51313
10.00496	1.50882
10.01553	1.50357
10.0261	1.49732
10.03667	1.49006
10.04725	1.48176
10.05782	1.47244
10.06839	1.46208
10.07896	1.45073
10.08953	1.43844
10.1001	1.42524
10.11067	1.41123
10.12124	1.39647
10.13182	1.38105
10.14239	1.3657
10.15296	1.3505
10.16353	1.33496
10.1741	1.31919
10.18467	1.30329
10.19524	1.28737
10.20581	1.27154
10.21639	1.25592
10.22696	1.2406
10.23753	1.22567
10.2481	1.21124
10.25867	1.19737
10.26924	1.18413
10.27981	1.1716
10.29038	1.15983
10.30095	1.14884
10.31153	1.13888
10.3221	1.12996
10.33267	1.12188
10.34324	1.11463
10.35381	1.10819
10.36438	1.10255
10.37495	1.09766
10.38552	1.09348
10.3961	1.08996
10.40667	1.08704
10.41724	1.08467
10.42781	1.08277
10.43838	1.08129
10.44895	1.08016
10.45952	1.07931
10.47009	1.07927
10.48066	1.07999
10.49124	1.08079
10.50181	1.08159
10.51238	1.08234
10.52295	1.08297
10.53352	1.08347
10.54409	1.08376
10.55466	1.08383
10.56523	1.08364
10.57581	1.08318
10.58638	1.08245
10.59695	1.08164
10.60752	1.08075
10.61809	1.0796
10.62866	1.07821
10.63923	1.07659
10.6498	1.07479
10.66038	1.07282
10.67095	1.07073
10.68152	1.06855
10.69209	1.06632
10.70266	1.0647
10.71323	1.06371
10.7238	1.06278
10.73437	1.06193
10.74494	1.06117
10.75552	1.06053
10.76609	1.06002
10.77666	1.05963
10.78723	1.05936
10.7978	1.0592
10.80837	1.05913
10.81894	1.05912
10.82951	1.05914
10.84009	1.05914
10.85066	1.05907
10.86123	1.05888
10.8718	1.05851
10.88237	1.05788
10.89294	1.05691
10.90351	1.05552
10.91408	1.05368
10.92465	1.05128
10.93523	1.04825
10.9458	1.0445
10.95637	1.03997
10.96694	1.0346
10.97751	1.02893
10.98808	1.02293
10.99865	1.0159
11.00922	1.00784
11.0198	0.9987
11.03037	0.98847
11.04094	0.97716
11.05151	0.96477
11.06208	0.95133
11.07265	0.93691
11.08322	0.92154
11.09379	0.9059
11.10437	0.89009
11.11494	0.87357
11.12551	0.85646
11.13608	0.83886
11.14665	0.82091
11.15722	0.80272
11.16779	0.78444
11.17836	0.76622
11.18893	0.7482
11.19951	0.73054
11.21008	0.71341
11.22065	0.69692
11.23122	0.68124
11.24179	0.66652
11.25236	0.65289
11.26293	0.6405
11.2735	0.62947
11.28408	0.61991
11.29465	0.61193
11.30522	0.60563
11.31579	0.6011
11.32636	0.59841
11.33693	0.59762
11.3475	0.59879
11.35807	0.60195
11.36865	0.60715
11.37922	0.61438
11.38979	0.62364
11.40036	0.63495
11.41093	0.64829
11.4215	0.66363
11.43207	0.68094
11.44264	0.70018
11.45321	0.72131
11.46379	0.74427
11.47436	0.76899
11.48493	0.79542
11.4955	0.82349
11.50607	0.85312
11.51664	0.88422
11.52721	0.91675
11.53778	0.95057
11.54836	0.98562
11.55893	1.02179
11.5695	1.0596
11.58007	1.09895
11.59064	1.1391
11.60121	1.17995
11.61178	1.22138
11.62235	1.26325
11.63292	1.30546
11.6435	1.34787
11.65407	1.39036
11.66464	1.4328
11.67521	1.47505
11.68578	1.51699
11.69635	1.55849
11.70692	1.59942
11.71749	1.63966
11.72807	1.67909
11.73864	1.71758
11.74921	1.75503
11.75978	1.79132
11.77035	1.82635
11.78092	1.86004
11.79149	1.89288
11.80206	1.92483
11.81264	1.95515
11.82321	1.98379
11.83378	2.01069
11.84435	2.0358
11.85492	2.05967
11.86549	2.08226
11.87606	2.10294
11.88663	2.12168
11.8972	2.13845
11.90778	2.15408
11.91835	2.16854
11.92892	2.18103
11.93949	2.19155
11.95006	2.20009
11.96063	2.20669
11.9712	2.21135
11.98177	2.21411
11.99235	2.21499
12.00292	2.21402
12.01349	2.21124
12.02406	2.20669
12.03463	2.20042
12.0452	2.19245
12.05577	2.18284
12.06634	2.17163
12.07691	2.15888
12.08749	2.14462
12.09806	2.1291
12.10863	2.11238
12.1192	2.09431
12.12977	2.07613
12.14034	2.05791
12.15091	2.03844
12.16148	2.01779
12.17206	1.996
12.18263	1.97307
12.1932	1.94907
12.20377	1.92406
12.21434	1.89807
12.22491	1.87118
12.23548	1.84345
12.24605	1.81494
12.25663	1.78572
12.2672	1.75589
12.27777	1.72549
12.28834	1.69524
12.29891	1.6652
12.30948	1.63486
12.32005	1.6043
12.33062	1.57359
12.34119	1.54283
12.35177	1.5121
12.36234	1.48149
12.37291	1.45108
12.38348	1.42096
12.39405	1.39123
12.40462	1.36196
12.41519	1.33325
12.42576	1.30517
12.43634	1.27781
12.44691	1.25185
12.45748	1.22736
12.46805	1.2038
12.47862	1.18124
12.48919	1.15972
12.49976	1.13932
12.51033	1.12007
12.52091	1.10205
12.53148	1.08528
12.54205	1.06982
12.55262	1.05571
12.56319	1.04299
12.57376	1.03172
12.58433	1.02192
12.5949	1.01363
12.60547	1.00689
12.61605	1.00174
12.62662	0.9982
12.63719	0.99631
12.64776	0.9961
12.65833	0.99758
12.6689	1.00079
12.67947	1.00573
12.69004	1.01243
12.70062	1.02089
12.71119	1.03111
12.72176	1.0437
12.73233	1.05864
12.7429	1.07529
12.75347	1.09361
12.76404	1.11354
12.77461	1.13502
12.78518	1.15799
12.79576	1.18235
12.80633	1.20799
12.8169	1.23482
12.82747	1.26267
12.83804	1.29144
12.84861	1.32096
12.85918	1.35105
12.86975	1.38153
12.88033	1.4122
12.8909	1.44285
12.90147	1.47326
12.91204	1.50321
12.92261	1.53246
12.93318	1.56077
12.94375	1.58791
12.95432	1.61362
12.9649	1.63766
12.97547	1.65981
12.98604	1.67982
12.99661	1.6981
13.00718	1.71443
13.01775	1.72799
13.02832	1.73861
13.03889	1.74613
13.04946	1.75038
13.06004	1.75129
13.07061	1.74874
13.08118	1.74267
13.09175	1.73426
13.10232	1.72349
13.11289	1.70914
13.12346	1.69126
13.13403	1.66989
13.14461	1.64513
13.15518	1.61709
13.16575	1.58592
13.17632	1.55177
13.18689	1.51543
13.19746	1.47712
13.20803	1.43643
13.2186	1.3936
13.22917	1.34887
13.23975	1.30249
13.25032	1.2547
13.26089	1.20578
13.27146	1.15598
13.28203	1.10556
13.2926	1.05478
13.30317	1.00389
13.31374	0.95312
13.32432	0.9027
13.33489	0.85284
13.34546	0.80376
13.35603	0.75563
13.3666	0.70862
13.37717	0.66289
13.38774	0.61857
13.39831	0.57578
13.40889	0.53461
13.41946	0.49514
13.43003	0.45744
13.4406	0.42155
13.45117	0.38749
13.46174	0.35529
13.47231	0.32495
13.48288	0.29645
13.49345	0.26976
13.50403	0.24485
13.5146	0.22168
13.52517	0.2002
13.53574	0.18033
13.54631	0.16203
13.55688	0.14521
13.56745	0.1298
13.57802	0.11573
13.5886	0.10293
13.59917	0.0913
13.60974	0.08078
13.62031	0.07129
13.63088	0.06276
13.64145	0.05509
13.65202	0.04825
13.66259	0.04214
13.67317	0.03672
13.68374	0.03191
13.69431	0.02766
13.70488	0.02392
13.71545	0.02063
13.72602	0.01775
13.73659	0.01523
13.74716	0.01304
13.75773	0.01114
13.76831	0.0095
13.77888	0.00809
13.78945	0.00687
13.80002	0.00583
13.81059	0.00495
13.82116	0.00421
13.83173	0.00358
13.8423	0.00306
13.85288	0.00264
13.86345	0.0023
13.87402	0.00203
13.88459	0.00182
13.89516	0.00168
13.90573	0.00159
13.9163	0.00154
13.92687	0.00155
13.93744	0.00161
13.94802	0.00172
13.95859	0.00187
13.96916	0.00208
13.97973	0.00233
13.9903	0.00264
14.00087	0.003
14.01144	0.0034
14.02201	0.0039
14.03259	0.00446
14.04316	0.0051
14.05373	0.00583
14.0643	0.00664
14.07487	0.00755
14.08544	0.00857
14.09601	0.0097
14.10658	0.01094
14.11716	0.01232
14.12773	0.01383
14.1383	0.01549
14.14887	0.01729
14.15944	0.01926
14.17001	0.02138
14.18058	0.02368
14.19115	0.02615
14.20172	0.02879
14.2123	0.03162
14.22287	0.03462
14.23344	0.03781
14.24401	0.04117
14.25458	0.04471
14.26515	0.04841
14.27572	0.05228
14.28629	0.0563
14.29687	0.06045
14.30744	0.06474
14.31801	0.06913
14.32858	0.07361
14.33915	0.07817
14.34972	0.08278
14.36029	0.08741
14.37086	0.09205
14.38143	0.09666
14.39201	0.10122
14.40258	0.1057
14.41315	0.11007
14.42372	0.1143
14.43429	0.11837
14.44486	0.12223
14.45543	0.12587
14.466	0.12925
14.47658	0.13236
14.48715	0.13516
14.49772	0.13764
14.50829	0.13977
14.51886	0.14154
14.52943	0.14293
14.54	0.14393
14.55057	0.14454
14.56115	0.14474
14.57172	0.14474
14.58229	0.14454
14.59286	0.14393
14.60343	0.14293
14.614	0.14154
14.62457	0.13977
14.63514	0.13764
14.64571	0.13516
14.65629	0.13236
14.66686	0.12925
14.67743	0.12587
14.688	0.12223
14.69857	0.11837
14.70914	0.1143
14.71971	0.11007
14.73028	0.1057
14.74086	0.10122
14.75143	0.09666
14.762	0.09205
14.77257	0.08741
14.78314	0.08278
14.79371	0.07817
14.80428	0.07361
14.81485	0.06913
14.82543	0.06474
14.836	0.06045
14.84657	0.0563
14.85714	0.05228
14.86771	0.04841
14.87828	0.04471
14.88885	0.04117
14.89942	0.03781
14.90999	0.03462
14.92057	0.03162
14.93114	0.02879
14.94171	0.02615
14.95228	0.02368
14.96285	0.02138
14.97342	0.01926
14.98399	0.01729
14.99456	0.01549
15.00514	0.01383
15.01571	0.01232
15.02628	0.01094
15.03685	0.00969
15.04742	0.00855
15.05799	0.00753
15.06856	0.00661
15.07913	0.00579
15.0897	0.00506
15.10028	0.00441
15.11085	0.00383
15.12142	0.00331
15.13199	0.00286
15.14256	0.00246
15.15313	0.00212
15.1637	0.00181
15.17427	0.00155
15.18485	0.00132
15.19542	0.00112
15.20599	9.476E-4
15.21656	8.00239E-4
15.22713	6.73909E-4
15.2377	5.65938E-4
15.24827	4.73941E-4
15.25884	3.9579E-4
15.26942	3.29605E-4
15.27999	2.73721E-4
15.29056	2.26678E-4
15.30113	1.87197E-4
15.3117	1.5416E-4
15.32227	1.266E-4
15.33284	1.03677E-4
15.34341	8.46676E-5
16.56967	0
