-57.69481	0
-57.68424	0
-56.60615	1.27794E-4
-56.59558	1.62261E-4
-56.58501	2.05451E-4
-56.57444	2.59411E-4
-56.56387	3.26629E-4
-56.5533	4.10118E-4
-56.54273	5.13512E-4
-56.53216	6.41178E-4
-56.52159	7.98351E-4
-56.51102	9.9128E-4
-56.50045	0.00123
-56.48988	0.00152
-56.47931	0.00187
-56.46874	0.00229
-56.45817	0.00281
-56.44761	0.00343
-56.43704	0.00417
-56.42647	0.00506
-56.4159	0.00613
-56.40533	0.0074
-56.39476	0.00892
-56.38419	0.01071
-56.37362	0.01282
-56.36305	0.01531
-56.35248	0.01823
-56.34191	0.02164
-56.33134	0.02562
-56.32077	0.03026
-56.3102	0.03563
-56.29963	0.04183
-56.28906	0.04898
-56.27849	0.0572
-56.26792	0.0666
-56.25735	0.07733
-56.24678	0.08955
-56.23621	0.1034
-56.22564	0.11906
-56.21507	0.13671
-56.20451	0.15654
-56.19394	0.17875
-56.18337	0.20354
-56.1728	0.23112
-56.16223	0.26171
-56.15166	0.29552
-56.14109	0.33276
-56.13052	0.37365
-56.11995	0.4184
-56.10938	0.4672
-56.09881	0.52024
-56.08824	0.57768
-56.07767	0.63967
-56.0671	0.70634
-56.05653	0.77779
-56.04596	0.85408
-56.03539	0.93523
-56.02482	1.02123
-56.01425	1.11204
-56.00368	1.20754
-55.99311	1.30758
-55.98254	1.41197
-55.97198	1.52043
-55.96141	1.63266
-55.95084	1.74829
-55.94027	1.86689
-55.9297	1.98797
-55.91913	2.11099
-55.90856	2.23538
-55.89799	2.3605
-55.88742	2.48567
-55.87685	2.61018
-55.86628	2.73327
-55.85571	2.8542
-55.84514	2.97215
-55.83457	3.08636
-55.824	3.19601
-55.81343	3.30032
-55.80286	3.39854
-55.79229	3.48992
-55.78172	3.57376
-55.77115	3.6494
-55.76058	3.71626
-55.75001	3.77378
-55.73945	3.82151
-55.72888	3.85905
-55.71831	3.88609
-55.70774	3.90241
-55.69717	3.90786
-55.6866	3.90786
-55.67603	3.90241
-55.66546	3.88609
-55.65489	3.85905
-55.64432	3.82151
-55.63375	3.77378
-55.62318	3.71626
-55.61261	3.6494
-55.60204	3.57376
-55.59147	3.48992
-55.5809	3.39854
-55.57033	3.30032
-55.55976	3.19601
-55.54919	3.08636
-55.53862	2.97215
-55.52805	2.8542
-55.51748	2.73327
-55.50692	2.61018
-55.49635	2.48567
-55.48578	2.3605
-55.47521	2.23538
-55.46464	2.11099
-55.45407	1.98797
-55.4435	1.86689
-55.43293	1.74829
-55.42236	1.63266
-55.41179	1.52043
-55.40122	1.41197
-55.39065	1.30758
-55.38008	1.20754
-55.36951	1.11204
-55.35894	1.02123
-55.34837	0.93523
-55.3378	0.85408
-55.32723	0.77779
-55.31666	0.70634
-55.30609	0.63967
-55.29552	0.57768
-55.28495	0.52024
-55.27439	0.4672
-55.26382	0.4184
-55.25325	0.37365
-55.24268	0.33276
-55.23211	0.29552
-55.22154	0.26171
-55.21097	0.23112
-55.2004	0.20354
-55.18983	0.17875
-55.17926	0.15654
-55.16869	0.13671
-55.15812	0.11906
-55.14755	0.1034
-55.13698	0.08955
-55.12641	0.07733
-55.11584	0.0666
-55.10527	0.0572
-55.0947	0.04898
-55.08413	0.04183
-55.07356	0.03563
-55.06299	0.03026
-55.05242	0.02562
-55.04186	0.02164
-55.03129	0.01823
-55.02072	0.01531
-55.01015	0.01282
-54.99958	0.01071
-54.98901	0.00892
-54.97844	0.0074
-54.96787	0.00613
-54.9573	0.00506
-54.94673	0.00417
-54.93616	0.00343
-54.92559	0.00281
-54.91502	0.00229
-54.90445	0.00187
-54.89388	0.00152
-54.88331	0.00123
-54.87274	9.9128E-4
-54.86217	7.98351E-4
-54.8516	6.41178E-4
-54.84103	5.13512E-4
-54.83046	4.10118E-4
-54.81989	3.26629E-4
-54.80933	2.59411E-4
-54.79876	2.05451E-4
-54.78819	1.62261E-4
-54.77762	1.27794E-4
-54.76705	0
-32.66612	1.03225E-4
-32.65555	2.06732E-4
-32.64498	3.42408E-4
-32.63441	5.32541E-4
-32.62384	7.01006E-4
-32.61327	8.83213E-4
-32.6027	0.00111
-32.59214	0.00139
-32.58157	0.00174
-32.571	0.00216
-32.56043	0.00269
-32.54986	0.00333
-32.53929	0.00412
-32.52872	0.00507
-32.51815	0.00624
-32.50758	0.00764
-32.49701	0.00934
-32.48644	0.01138
-32.47587	0.01383
-32.4653	0.01676
-32.45473	0.02025
-32.44416	0.0244
-32.43359	0.02933
-32.42302	0.03515
-32.41245	0.042
-32.40188	0.05006
-32.39131	0.0595
-32.38074	0.07052
-32.37017	0.08335
-32.35961	0.09823
-32.34904	0.11546
-32.33847	0.13533
-32.3279	0.15818
-32.31733	0.18438
-32.30676	0.21432
-32.29619	0.24843
-32.28562	0.28717
-32.27505	0.33103
-32.26448	0.38053
-32.25391	0.43621
-32.24334	0.49866
-32.23277	0.56846
-32.2222	0.64624
-32.21163	0.73263
-32.20106	0.82825
-32.19049	0.93376
-32.17992	1.04979
-32.16935	1.17696
-32.15878	1.31587
-32.14821	1.4671
-32.13764	1.63117
-32.12708	1.80856
-32.11651	1.99967
-32.10594	2.20484
-32.09537	2.42432
-32.0848	2.65825
-32.07423	2.90667
-32.06366	3.16948
-32.05309	3.44647
-32.04252	3.73727
-32.03195	4.04136
-32.02138	4.35806
-32.01081	4.68654
-32.00024	5.0258
-31.98967	5.37467
-31.9791	5.7318
-31.96853	6.09571
-31.95796	6.46473
-31.94739	6.83707
-31.93682	7.21079
-31.92625	7.58384
-31.91568	7.95405
-31.90511	8.3192
-31.89455	8.67696
-31.88398	9.025
-31.87341	9.36096
-31.86284	9.68248
-31.85227	9.98726
-31.8417	10.27305
-31.83113	10.5377
-31.82056	10.77918
-31.80999	10.99559
-31.79942	11.18524
-31.78885	11.34658
-31.77828	11.47831
-31.76771	11.57936
-31.75714	11.64949
-31.74657	11.69176
-31.736	11.70844
-31.72543	11.6992
-31.71486	11.66511
-31.70429	11.60424
-31.69372	11.51286
-31.68315	11.39051
-31.67258	11.23819
-31.66202	11.05714
-31.65145	10.84882
-31.64088	10.6149
-31.63031	10.3572
-31.61974	10.07771
-31.60917	9.77856
-31.5986	9.46197
-31.58803	9.13022
-31.57746	8.78566
-31.56689	8.43064
-31.55632	8.06752
-31.54575	7.69862
-31.53518	7.32621
-31.52461	6.95247
-31.51404	6.57948
-31.50347	6.20923
-31.4929	5.84356
-31.48233	5.48416
-31.47176	5.13258
-31.46119	4.79021
-31.45062	4.45828
-31.44005	4.13784
-31.42949	3.82977
-31.41892	3.5348
-31.40835	3.25349
-31.39778	2.98627
-31.38721	2.73338
-31.37664	2.49497
-31.36607	2.27104
-31.3555	2.06147
-31.34493	1.86604
-31.33436	1.68445
-31.32379	1.51632
-31.31322	1.36118
-31.30265	1.21852
-31.29208	1.08779
-31.28151	0.96839
-31.27094	0.8597
-31.26037	0.76109
-31.2498	0.67192
-31.23923	0.59156
-31.22866	0.51936
-31.21809	0.45471
-31.20752	0.397
-31.19696	0.34565
-31.18639	0.30011
-31.17582	0.25985
-31.16525	0.22436
-31.15468	0.19318
-31.14411	0.16588
-31.13354	0.14203
-31.12297	0.12128
-31.1124	0.10327
-31.10183	0.08769
-31.09126	0.07426
-31.08069	0.06271
-31.07012	0.05281
-31.05955	0.04435
-31.04898	0.03714
-31.03841	0.03101
-31.02784	0.02583
-31.01727	0.02145
-31.0067	0.01776
-30.99613	0.01467
-30.98556	0.01208
-30.97499	0.00992
-30.96442	0.00813
-30.95386	0.00664
-30.94329	0.00541
-30.93272	0.00439
-30.92215	0.00356
-30.91158	0.00287
-30.90101	0.00231
-30.89044	0.00186
-30.87987	0.00149
-30.8693	0.00119
-30.85873	9.47471E-4
-30.84816	7.52637E-4
-30.83759	5.85057E-4
-30.82702	3.95336E-4
-30.81645	2.52322E-4
-30.80588	1.35453E-4
-30.79531	2.83986E-5
-9.88875	1.03908E-4
-9.87818	1.26875E-4
-9.86761	1.54485E-4
-9.85704	1.8758E-4
-9.84647	2.27129E-4
-9.8359	2.74249E-4
-9.82533	3.30221E-4
-9.81476	3.96508E-4
-9.80419	4.74773E-4
-9.79362	5.66902E-4
-9.78305	6.75019E-4
-9.77248	8.01515E-4
-9.76191	9.49061E-4
-9.75134	0.00112
-9.74077	0.00132
-9.7302	0.00155
-9.71963	0.00181
-9.70906	0.00212
-9.69849	0.00247
-9.68792	0.00286
-9.67736	0.00332
-9.66679	0.00383
-9.65622	0.00441
-9.64565	0.00506
-9.63508	0.0058
-9.62451	0.00662
-9.61394	0.00754
-9.60337	0.00856
-9.5928	0.00969
-9.58223	0.01095
-9.57166	0.01232
-9.56109	0.01384
-9.55052	0.0155
-9.53995	0.0173
-9.52938	0.01927
-9.51881	0.0214
-9.50824	0.02369
-9.49767	0.02616
-9.4871	0.02881
-9.47653	0.03163
-9.46596	0.03464
-9.45539	0.03782
-9.44483	0.04119
-9.43426	0.04472
-9.42369	0.04843
-9.41312	0.0523
-9.40255	0.05631
-9.39198	0.06047
-9.38141	0.06475
-9.37084	0.06914
-9.36027	0.07363
-9.3497	0.0782
-9.33913	0.08281
-9.32856	0.08745
-9.31799	0.09209
-9.30742	0.09671
-9.29685	0.10128
-9.28628	0.10577
-9.27571	0.11015
-9.26514	0.1144
-9.25457	0.11848
-9.244	0.12237
-9.23343	0.12604
-9.22286	0.12946
-9.2123	0.13262
-9.20173	0.13547
-9.19116	0.13802
-9.18059	0.14023
-9.17002	0.1421
-9.15945	0.14361
-9.14888	0.14475
-9.13831	0.14552
-9.12774	0.14593
-9.11717	0.14616
-9.1066	0.14623
-9.09603	0.14595
-9.08546	0.14533
-9.07489	0.14438
-9.06432	0.14313
-9.05375	0.1416
-9.04318	0.13981
-9.03261	0.1378
-9.02204	0.13561
-9.01147	0.13327
-9.0009	0.13083
-8.99033	0.12832
-8.97977	0.1258
-8.9692	0.12331
-8.95863	0.1209
-8.94806	0.11863
-8.93749	0.11653
-8.92692	0.11468
-8.91635	0.11311
-8.90578	0.11187
-8.89521	0.11102
-8.88464	0.1106
-8.87407	0.11066
-8.8635	0.11124
-8.85293	0.11238
-8.84236	0.11412
-8.83179	0.11648
-8.82122	0.1195
-8.81065	0.12321
-8.80008	0.12761
-8.78951	0.13272
-8.77894	0.13855
-8.76837	0.1451
-8.7578	0.15238
-8.74724	0.16035
-8.73667	0.169
-8.7261	0.17831
-8.71553	0.18824
-8.70496	0.19876
-8.69439	0.20981
-8.68382	0.22134
-8.67325	0.2333
-8.66268	0.24561
-8.65211	0.25821
-8.64154	0.27101
-8.63097	0.28393
-8.6204	0.29689
-8.60983	0.30981
-8.59926	0.32258
-8.58869	0.33511
-8.57812	0.34732
-8.56755	0.35911
-8.55698	0.37039
-8.54641	0.38107
-8.53584	0.39108
-8.52527	0.40032
-8.51471	0.40874
-8.50414	0.41626
-8.49357	0.42283
-8.483	0.42841
-8.47243	0.43295
-8.46186	0.43642
-8.45129	0.43882
-8.44072	0.44012
-8.43015	0.44096
-8.41958	0.44133
-8.40901	0.44065
-8.39844	0.43896
-8.38787	0.43629
-8.3773	0.43269
-8.36673	0.42823
-8.35616	0.42299
-8.34559	0.41704
-8.33502	0.41046
-8.32445	0.40336
-8.31388	0.39584
-8.30331	0.388
-8.29274	0.37995
-8.28218	0.3718
-8.27161	0.36367
-8.26104	0.35566
-8.25047	0.34788
-8.2399	0.34044
-8.22933	0.33343
-8.21876	0.32695
-8.20819	0.3211
-8.19762	0.31593
-8.18705	0.31152
-8.17648	0.30794
-8.16591	0.30523
-8.15534	0.30343
-8.14477	0.30256
-8.1342	0.30264
-8.12363	0.30367
-8.11306	0.30564
-8.10249	0.30854
-8.09192	0.31232
-8.08135	0.31694
-8.07078	0.32235
-8.06021	0.32849
-8.04965	0.33528
-8.03908	0.34265
-8.02851	0.3505
-8.01794	0.35876
-8.00737	0.36731
-7.9968	0.37606
-7.98623	0.38492
-7.97566	0.39378
-7.96509	0.40255
-7.95452	0.41112
-7.94395	0.41941
-7.93338	0.42733
-7.92281	0.43481
-7.91224	0.44176
-7.90167	0.44813
-7.8911	0.45387
-7.88053	0.45893
-7.86996	0.46328
-7.85939	0.4669
-7.84882	0.46978
-7.83825	0.47253
-7.82768	0.47517
-7.81711	0.4771
-7.80655	0.47835
-7.79598	0.47895
-7.78541	0.47897
-7.77484	0.47845
-7.76427	0.47746
-7.7537	0.4761
-7.74313	0.4744
-7.73256	0.47246
-7.72199	0.47038
-7.71142	0.46825
-7.70085	0.46614
-7.69028	0.46417
-7.67971	0.46238
-7.66914	0.46088
-7.65857	0.45975
-7.648	0.45904
-7.63743	0.45882
-7.62686	0.45915
-7.61629	0.46006
-7.60572	0.4616
-7.59515	0.46378
-7.58458	0.46662
-7.57402	0.47011
-7.56345	0.47425
-7.55288	0.47903
-7.54231	0.48439
-7.53174	0.49032
-7.52117	0.49676
-7.5106	0.50364
-7.50003	0.51093
-7.48946	0.51854
-7.47889	0.52641
-7.46832	0.53446
-7.45775	0.5426
-7.44718	0.55078
-7.43661	0.55913
-7.42604	0.56757
-7.41547	0.57583
-7.4049	0.58387
-7.39433	0.59164
-7.38376	0.59909
-7.37319	0.6062
-7.36262	0.61295
-7.35205	0.61936
-7.34149	0.62543
-7.33092	0.63118
-7.32035	0.63666
-7.30978	0.64193
-7.29921	0.64706
-7.28864	0.65275
-7.27807	0.65907
-7.2675	0.66554
-7.25693	0.67226
-7.24636	0.67934
-7.23579	0.68693
-7.22522	0.69515
-7.21465	0.70414
-7.20408	0.71404
-7.19351	0.72499
-7.18294	0.73713
-7.17237	0.75059
-7.1618	0.76549
-7.15123	0.78194
-7.14066	0.80005
-7.13009	0.8199
-7.11952	0.84157
-7.10896	0.8651
-7.09839	0.89052
-7.08782	0.91786
-7.07725	0.94709
-7.06668	0.97819
-7.05611	1.01108
-7.04554	1.04572
-7.03497	1.08198
-7.0244	1.11975
-7.01383	1.15885
-7.00326	1.19912
-6.99269	1.2404
-6.98212	1.28246
-6.97155	1.3251
-6.96098	1.36809
-6.95041	1.41119
-6.93984	1.45416
-6.92927	1.49676
-6.9187	1.53873
-6.90813	1.57983
-6.89756	1.61983
-6.88699	1.6585
-6.87643	1.69561
-6.86586	1.73096
-6.85529	1.76438
-6.84472	1.79566
-6.83415	1.82588
-6.82358	1.85491
-6.81301	1.8814
-6.80244	1.90525
-6.79187	1.92637
-6.7813	1.94471
-6.77073	1.96105
-6.76016	1.97538
-6.74959	1.98692
-6.73902	1.99568
-6.72845	2.00172
-6.71788	2.00515
-6.70731	2.00603
-6.69674	2.00452
-6.68617	2.00076
-6.6756	1.99492
-6.66503	1.98717
-6.65446	1.97773
-6.6439	1.9668
-6.63333	1.95461
-6.62276	1.94143
-6.61219	1.92747
-6.60162	1.913
-6.59105	1.89828
-6.58048	1.884
-6.56991	1.87041
-6.55934	1.85799
-6.54877	1.847
-6.5382	1.83709
-6.52763	1.82849
-6.51706	1.82148
-6.50649	1.81628
-6.49592	1.81313
-6.48535	1.81225
-6.47478	1.81385
-6.46421	1.81814
-6.45364	1.82529
-6.44307	1.83547
-6.4325	1.84885
-6.42193	1.86593
-6.41137	1.88683
-6.4008	1.91124
-6.39023	1.93917
-6.37966	1.97067
-6.36909	2.00576
-6.35852	2.04439
-6.34795	2.08653
-6.33738	2.13208
-6.32681	2.18095
-6.31624	2.233
-6.30567	2.28809
-6.2951	2.34604
-6.28453	2.40664
-6.27396	2.46967
-6.26339	2.5349
-6.25282	2.60228
-6.24225	2.67155
-6.23168	2.74222
-6.22111	2.81401
-6.21054	2.88665
-6.19997	2.95982
-6.1894	3.03327
-6.17884	3.1067
-6.16827	3.17985
-6.1577	3.25248
-6.14713	3.32433
-6.13656	3.39519
-6.12599	3.46547
-6.11542	3.53559
-6.10485	3.60595
-6.09428	3.67578
-6.08371	3.74374
-6.07314	3.80968
-6.06257	3.8735
-6.052	3.93512
-6.04143	3.99449
-6.03086	4.05156
-6.02029	4.10634
-6.00972	4.15944
-5.99915	4.21088
-5.98858	4.2601
-5.97801	4.30713
-5.96744	4.35206
-5.95687	4.39495
-5.9463	4.43587
-5.93574	4.47554
-5.92517	4.51403
-5.9146	4.55081
-5.90403	4.58624
-5.89346	4.62032
-5.88289	4.65359
-5.87232	4.68607
-5.86175	4.71724
-5.85118	4.74713
-5.84061	4.77582
-5.83004	4.80395
-5.81947	4.83155
-5.8089	4.85823
-5.79833	4.8844
-5.78776	4.90987
-5.77719	4.93422
-5.76662	4.95745
-5.75605	4.97957
-5.74548	5.00051
-5.73491	5.02027
-5.72434	5.03886
-5.71377	5.05623
-5.70321	5.07363
-5.69264	5.09098
-5.68207	5.10707
-5.6715	5.12186
-5.66093	5.13593
-5.65036	5.14929
-5.63979	5.1619
-5.62922	5.17416
-5.61865	5.18544
-5.60808	5.19533
-5.59751	5.20381
-5.58694	5.21091
-5.57637	5.21662
-5.5658	5.22097
-5.55523	5.224
-5.54466	5.22576
-5.53409	5.22628
-5.52352	5.22566
-5.51295	5.22453
-5.50238	5.22298
-5.49181	5.22108
-5.48124	5.21952
-5.47068	5.21776
-5.46011	5.21527
-5.44954	5.21273
-5.43897	5.21022
-5.4284	5.2074
-5.41783	5.20436
-5.40726	5.20097
-5.39669	5.19732
-5.38612	5.19347
-5.37555	5.19014
-5.36498	5.18737
-5.35441	5.18464
-5.34384	5.18201
-5.33327	5.17954
-5.3227	5.1773
-5.31213	5.17597
-5.30156	5.17553
-5.29099	5.17603
-5.28042	5.17748
-5.26985	5.17927
-5.25928	5.1814
-5.24871	5.18384
-5.23815	5.18655
-5.22758	5.1895
-5.21701	5.19262
-5.20644	5.19644
-5.19587	5.20211
-5.1853	5.20888
-5.17473	5.21547
-5.16416	5.22172
-5.15359	5.22745
-5.14302	5.23252
-5.13245	5.23676
-5.12188	5.24002
-5.11131	5.24214
-5.10074	5.24295
-5.09017	5.24228
-5.0796	5.24001
-5.06903	5.23657
-5.05846	5.23182
-5.04789	5.22563
-5.03732	5.21786
-5.02675	5.20778
-5.01618	5.1953
-5.00562	5.18034
-4.99505	5.16283
-4.98448	5.14393
-4.97391	5.12364
-4.96334	5.10192
-4.95277	5.07882
-4.9422	5.05312
-4.93163	5.02487
-4.92106	4.99415
-4.91049	4.96107
-4.89992	4.92578
-4.88935	4.88841
-4.87878	4.84915
-4.86821	4.80821
-4.85764	4.76583
-4.84707	4.72225
-4.8365	4.67896
-4.82593	4.6362
-4.81536	4.59304
-4.80479	4.54978
-4.79422	4.50667
-4.78365	4.46519
-4.77309	4.42566
-4.76252	4.38711
-4.75195	4.34977
-4.74138	4.31387
-4.73081	4.2797
-4.72024	4.24738
-4.70967	4.21713
-4.6991	4.18914
-4.68853	4.16353
-4.67796	4.14043
-4.66739	4.11993
-4.65682	4.10209
-4.64625	4.08694
-4.63568	4.07451
-4.62511	4.06477
-4.61454	4.05767
-4.60397	4.05436
-4.5934	4.05476
-4.58283	4.05766
-4.57226	4.06291
-4.56169	4.07013
-4.55112	4.07913
-4.54056	4.08969
-4.52999	4.10155
-4.51942	4.11452
-4.50885	4.12833
-4.49828	4.14276
-4.48771	4.15758
-4.47714	4.17255
-4.46657	4.18746
-4.456	4.2027
-4.44543	4.2181
-4.43486	4.23287
-4.42429	4.24684
-4.41372	4.25988
-4.40315	4.27188
-4.39258	4.28495
-4.38201	4.29905
-4.37144	4.31188
-4.36087	4.32339
-4.3503	4.33358
-4.33973	4.34245
-4.32916	4.35002
-4.31859	4.35639
-4.30803	4.36161
-4.29746	4.36581
-4.28689	4.36911
-4.27632	4.37165
-4.26575	4.37361
-4.25518	4.37513
-4.24461	4.3776
-4.23404	4.38181
-4.22347	4.38667
-4.2129	4.39173
-4.20233	4.39715
-4.19176	4.40305
-4.18119	4.40956
-4.17062	4.4168
-4.16005	4.42486
-4.14948	4.43383
-4.13891	4.44381
-4.12834	4.45483
-4.11777	4.46695
-4.1072	4.48017
-4.09663	4.49513
-4.08606	4.51177
-4.07549	4.52947
-4.06493	4.54814
-4.05436	4.56776
-4.04379	4.58822
-4.03322	4.61004
-4.02265	4.63311
-4.01208	4.65668
-4.00151	4.68064
-3.99094	4.70543
-3.98037	4.73152
-3.9698	4.75816
-3.95923	4.78457
-3.94866	4.8106
-3.93809	4.8361
-3.92752	4.86092
-3.91695	4.88551
-3.90638	4.90979
-3.89581	4.93302
-3.88524	4.95567
-3.87467	4.97766
-3.8641	4.99827
-3.85353	5.01748
-3.84296	5.0352
-3.8324	5.05139
-3.82183	5.06604
-3.81126	5.08037
-3.80069	5.09435
-3.79012	5.1068
-3.77955	5.11775
-3.76898	5.12723
-3.75841	5.1353
-3.74784	5.14264
-3.73727	5.14934
-3.7267	5.15488
-3.71613	5.15932
-3.70556	5.1628
-3.69499	5.1654
-3.68442	5.16722
-3.67385	5.17023
-3.66328	5.17453
-3.65271	5.17837
-3.64214	5.18185
-3.63157	5.18504
-3.621	5.18861
-3.61043	5.19266
-3.59987	5.1966
-3.5893	5.20051
-3.57873	5.20443
-3.56816	5.20837
-3.55759	5.21237
-3.54702	5.21643
-3.53645	5.22058
-3.52588	5.22481
-3.51531	5.22973
-3.50474	5.23528
-3.49417	5.24085
-3.4836	5.24638
-3.47303	5.25182
-3.46246	5.25716
-3.45189	5.26292
-3.44132	5.26905
-3.43075	5.27546
-3.42018	5.28249
-3.40961	5.28946
-3.39904	5.2961
-3.38847	5.30232
-3.3779	5.30784
-3.36734	5.3132
-3.35677	5.31894
-3.3462	5.32441
-3.33563	5.32895
-3.32506	5.33249
-3.31449	5.33564
-3.30392	5.33841
-3.29335	5.34015
-3.28278	5.34089
-3.27221	5.34065
-3.26164	5.33948
-3.25107	5.33745
-3.2405	5.33464
-3.22993	5.33117
-3.21936	5.32717
-3.20879	5.32337
-3.19822	5.31993
-3.18765	5.31641
-3.17708	5.31419
-3.16651	5.3135
-3.15594	5.31326
-3.14537	5.31366
-3.13481	5.31492
-3.12424	5.31784
-3.11367	5.32261
-3.1031	5.32922
-3.09253	5.33786
-3.08196	5.3489
-3.07139	5.3625
-3.06082	5.3782
-3.05025	5.39674
-3.03968	5.41823
-3.02911	5.44214
-3.01854	5.46852
-3.00797	5.49741
-2.9974	5.52882
-2.98683	5.56276
-2.97626	5.59915
-2.96569	5.63795
-2.95512	5.67906
-2.94455	5.72234
-2.93398	5.76803
-2.92341	5.81597
-2.91284	5.86553
-2.90228	5.91669
-2.89171	5.96977
-2.88114	6.02435
-2.87057	6.07949
-2.86	6.13489
-2.84943	6.19023
-2.83886	6.2452
-2.82829	6.29948
-2.81772	6.35338
-2.80715	6.40721
-2.79658	6.46005
-2.78601	6.5122
-2.77544	6.5634
-2.76487	6.61217
-2.7543	6.65822
-2.74373	6.70183
-2.73316	6.74276
-2.72259	6.78107
-2.71202	6.81664
-2.70145	6.84873
-2.69088	6.8779
-2.68031	6.90413
-2.66975	6.92677
-2.65918	6.94646
-2.64861	6.96364
-2.63804	6.97779
-2.62747	6.98857
-2.6169	6.99669
-2.60633	7.00231
-2.59576	7.00549
-2.58519	7.00642
-2.57462	7.00462
-2.56405	7.00024
-2.55348	6.99464
-2.54291	6.98795
-2.53234	6.97908
-2.52177	6.96817
-2.5112	6.95531
-2.50063	6.94062
-2.49006	6.9242
-2.47949	6.90671
-2.46892	6.88883
-2.45835	6.86998
-2.44778	6.84956
-2.43722	6.8276
-2.42665	6.80407
-2.41608	6.77895
-2.40551	6.75221
-2.39494	6.7238
-2.38437	6.69429
-2.3738	6.66426
-2.36323	6.63358
-2.35266	6.60199
-2.34209	6.56881
-2.33152	6.53396
-2.32095	6.49736
-2.31038	6.45855
-2.29981	6.41747
-2.28924	6.37413
-2.27867	6.32846
-2.2681	6.28051
-2.25753	6.23028
-2.24696	6.17849
-2.23639	6.1258
-2.22582	6.07171
-2.21525	6.01573
-2.20469	5.9586
-2.19412	5.90173
-2.18355	5.84468
-2.17298	5.78648
-2.16241	5.72725
-2.15184	5.66791
-2.14127	5.60868
-2.1307	5.5492
-2.12013	5.48978
-2.10956	5.43071
-2.09899	5.37225
-2.08842	5.31471
-2.07785	5.2584
-2.06728	5.20359
-2.05671	5.15059
-2.04614	5.10029
-2.03557	5.05354
-2.025	5.00999
-2.01443	4.96925
-2.00386	4.9315
-1.99329	4.89693
-1.98272	4.86628
-1.97215	4.83967
-1.96159	4.81661
-1.95102	4.79715
-1.94045	4.78132
-1.92988	4.76913
-1.91931	4.76059
-1.90874	4.75564
-1.89817	4.75421
-1.8876	4.75625
-1.87703	4.76226
-1.86646	4.77208
-1.85589	4.78502
-1.84532	4.80089
-1.83475	4.81952
-1.82418	4.84073
-1.81361	4.86436
-1.80304	4.89019
-1.79247	4.91927
-1.7819	4.9514
-1.77133	4.98514
-1.76076	5.02095
-1.75019	5.05857
-1.73962	5.09721
-1.72906	5.13669
-1.71849	5.17684
-1.70792	5.21747
-1.69735	5.25842
-1.68678	5.30077
-1.67621	5.34436
-1.66564	5.38784
-1.65507	5.43106
-1.6445	5.4739
-1.63393	5.5168
-1.62336	5.5597
-1.61279	5.60185
-1.60222	5.64313
-1.59165	5.68341
-1.58108	5.72259
-1.57051	5.76116
-1.55994	5.79898
-1.54937	5.83553
-1.5388	5.8707
-1.52823	5.90452
-1.51766	5.93746
-1.50709	5.96894
-1.49653	5.9982
-1.48596	6.02503
-1.47539	6.04927
-1.46482	6.07073
-1.45425	6.09042
-1.44368	6.10812
-1.43311	6.12243
-1.42254	6.13314
-1.41197	6.14
-1.4014	6.14283
-1.39083	6.14143
-1.38026	6.1356
-1.36969	6.12701
-1.35912	6.11546
-1.34855	6.09899
-1.33798	6.07745
-1.32741	6.05069
-1.31684	6.01867
-1.30627	5.9813
-1.2957	5.93855
-1.28513	5.89043
-1.27456	5.83698
-1.264	5.77831
-1.25343	5.71634
-1.24286	5.65121
-1.23229	5.58185
-1.22172	5.50851
-1.21115	5.43078
-1.20058	5.34893
-1.19001	5.26389
-1.17944	5.17637
-1.16887	5.08612
-1.1583	4.99373
-1.14773	4.89958
-1.13716	4.80349
-1.12659	4.70586
-1.11602	4.60714
-1.10545	4.50781
-1.09488	4.40889
-1.08431	4.31085
-1.07374	4.21352
-1.06317	4.11732
-1.0526	4.0227
-1.04203	3.93005
-1.03147	3.83976
-1.0209	3.75221
-1.01033	3.66773
-0.99976	3.58707
-0.98919	3.51048
-0.97862	3.43783
-0.96805	3.36933
-0.95748	3.30516
-0.94691	3.24549
-0.93634	3.19045
-0.92577	3.1401
-0.9152	3.0945
-0.90463	3.05366
-0.89406	3.01758
-0.88349	2.9862
-0.87292	2.95942
-0.86235	2.93719
-0.85178	2.91934
-0.84121	2.90691
-0.83064	2.89971
-0.82007	2.89631
-0.8095	2.89643
-0.79894	2.89981
-0.78837	2.90614
-0.7778	2.91513
-0.76723	2.92645
-0.75666	2.93977
-0.74609	2.95474
-0.73552	2.971
-0.72495	2.9882
-0.71438	3.00596
-0.70381	3.02395
-0.69324	3.04179
-0.68267	3.05973
-0.6721	3.07741
-0.66153	3.09387
-0.65096	3.10915
-0.64039	3.12296
-0.62982	3.13454
-0.61925	3.14362
-0.60868	3.14989
-0.59811	3.1531
-0.58754	3.15305
-0.57697	3.14952
-0.56641	3.14235
-0.55584	3.13139
-0.54527	3.11717
-0.5347	3.10018
-0.52413	3.07985
-0.51356	3.05571
-0.50299	3.02841
-0.49242	2.9978
-0.48185	2.96338
-0.47128	2.92526
-0.46071	2.88361
-0.45014	2.83861
-0.43957	2.79054
-0.429	2.73964
-0.41843	2.68679
-0.40786	2.63232
-0.39729	2.57653
-0.38672	2.51978
-0.37615	2.4618
-0.36558	2.40294
-0.35501	2.34356
-0.34444	2.28403
-0.33388	2.22469
-0.32331	2.16595
-0.31274	2.10812
-0.30217	2.05155
-0.2916	1.99654
-0.28103	1.9434
-0.27046	1.89239
-0.25989	1.84379
-0.24932	1.7978
-0.23875	1.75463
-0.22818	1.71443
-0.21761	1.67733
-0.20704	1.64345
-0.19647	1.61282
-0.1859	1.5855
-0.17533	1.56147
-0.16476	1.54073
-0.15419	1.52319
-0.14362	1.50877
-0.13305	1.49735
-0.12248	1.48877
-0.11191	1.48289
-0.10134	1.4795
-0.09078	1.47841
-0.08021	1.47998
-0.06964	1.484
-0.05907	1.4896
-0.0485	1.49652
-0.03793	1.50451
-0.02736	1.5133
-0.01679	1.52263
-0.00622	1.53227
0.00435	1.54196
0.01492	1.5515
0.02549	1.56067
0.03606	1.56927
0.04663	1.57715
0.0572	1.58416
0.06777	1.59018
0.07834	1.59509
0.08891	1.59886
0.09948	1.60182
0.11005	1.60397
0.12062	1.6049
0.13119	1.60464
0.14175	1.60327
0.15232	1.60206
0.16289	1.60115
0.17346	1.59939
0.18403	1.59695
0.1946	1.59397
0.20517	1.5906
0.21574	1.58703
0.22631	1.58345
0.23688	1.58005
0.24745	1.57709
0.25802	1.5747
0.26859	1.57311
0.27916	1.57254
0.28973	1.57316
0.3003	1.57515
0.31087	1.5787
0.32144	1.58395
0.33201	1.59103
0.34258	1.60007
0.35315	1.61116
0.36372	1.62437
0.37428	1.63972
0.38485	1.65727
0.39542	1.677
0.40599	1.69889
0.41656	1.72286
0.42713	1.74888
0.4377	1.77681
0.44827	1.80655
0.45884	1.83795
0.46941	1.87145
0.47998	1.90688
0.49055	1.94344
0.50112	1.98092
0.51169	2.01914
0.52226	2.05787
0.53283	2.0971
0.5434	2.13665
0.55397	2.17608
0.56454	2.21522
0.57511	2.2539
0.58568	2.29201
0.59625	2.32935
0.60681	2.36581
0.61738	2.40134
0.62795	2.43583
0.63852	2.46926
0.64909	2.50164
0.65966	2.53357
0.67023	2.56511
0.6808	2.59633
0.69137	2.62729
0.70194	2.6575
0.71251	2.68769
0.72308	2.71799
0.73365	2.74797
0.74422	2.77778
0.75479	2.8082
0.76536	2.83942
0.77593	2.87103
0.7865	2.90319
0.79707	2.93609
0.80764	2.9699
0.81821	3.00479
0.82878	3.04092
0.83934	3.07842
0.84991	3.11745
0.86048	3.15808
0.87105	3.20042
0.88162	3.24453
0.89219	3.29047
0.90276	3.33824
0.91333	3.38785
0.9239	3.43929
0.93447	3.49252
0.94504	3.54749
0.95561	3.60414
0.96618	3.66237
0.97675	3.72229
0.98732	3.7842
0.99789	3.84841
1.00846	3.91437
1.01903	3.98135
1.0296	4.04924
1.04017	4.1179
1.05074	4.18724
1.06131	4.25715
1.07187	4.32752
1.08244	4.39892
1.09301	4.47127
1.10358	4.54428
1.11415	4.61852
1.12472	4.69353
1.13529	4.76865
1.14586	4.84385
1.15643	4.91907
1.167	4.99551
1.17757	5.0731
1.18814	5.15059
1.19871	5.22786
1.20928	5.30484
1.21985	5.38144
1.23042	5.45752
1.24099	5.53295
1.25156	5.60756
1.26213	5.68174
1.2727	5.7553
1.28327	5.82794
1.29384	5.89938
1.3044	5.96867
1.31497	6.03547
1.32554	6.0994
1.33611	6.16007
1.34668	6.21723
1.35725	6.27045
1.36782	6.31971
1.37839	6.36459
1.38896	6.40397
1.39953	6.43744
1.4101	6.46459
1.42067	6.48501
1.43124	6.49833
1.44181	6.50484
1.45238	6.50424
1.46295	6.49612
1.47352	6.48024
1.48409	6.45609
1.49466	6.42359
1.50523	6.38456
1.5158	6.34025
1.52637	6.28955
1.53693	6.2326
1.5475	6.16902
1.55807	6.09785
1.56864	6.01943
1.57921	5.93412
1.58978	5.84243
1.60035	5.74548
1.61092	5.64381
1.62149	5.53743
1.63206	5.42696
1.64263	5.31312
1.6532	5.19659
1.66377	5.07811
1.67434	4.9584
1.68491	4.83822
1.69548	4.7189
1.70605	4.60119
1.71662	4.48516
1.72719	4.37152
1.73776	4.26092
1.74833	4.154
1.7589	4.05134
1.76947	3.9535
1.78003	3.86099
1.7906	3.77428
1.80117	3.69377
1.81174	3.62046
1.82231	3.55463
1.83288	3.49595
1.84345	3.44461
1.85402	3.40076
1.86459	3.36451
1.87516	3.3365
1.88573	3.31673
1.8963	3.30452
1.90687	3.29978
1.91744	3.30236
1.92801	3.31209
1.93858	3.32871
1.94915	3.35195
1.95972	3.3815
1.97029	3.41703
1.98086	3.45818
1.99143	3.50456
2.002	3.55573
2.01256	3.61128
2.02313	3.67072
2.0337	3.73361
2.04427	3.79946
2.05484	3.86776
2.06541	3.93802
2.07598	4.00973
2.08655	4.08298
2.09712	4.1573
2.10769	4.23278
2.11826	4.3089
2.12883	4.38395
2.1394	4.45745
2.14997	4.52892
2.16054	4.59792
2.17111	4.66403
2.18168	4.72683
2.19225	4.78659
2.20282	4.84293
2.21339	4.89497
2.22396	4.9424
2.23453	4.98497
2.24509	5.02247
2.25566	5.05593
2.26623	5.08519
2.2768	5.10893
2.28737	5.12704
2.29794	5.1407
2.30851	5.15046
2.31908	5.15511
2.32965	5.15404
2.34022	5.14732
2.35079	5.13502
2.36136	5.11725
2.37193	5.09416
2.3825	5.06628
2.39307	5.03384
2.40364	4.99662
2.41421	4.95526
2.42478	4.90995
2.43535	4.8606
2.44592	4.80749
2.45649	4.75086
2.46706	4.69104
2.47762	4.6287
2.48819	4.56476
2.49876	4.49909
2.50933	4.43139
2.5199	4.36313
2.53047	4.29461
2.54104	4.22485
2.55161	4.15409
2.56218	4.08259
2.57275	4.01053
2.58332	3.93813
2.59389	3.86618
2.60446	3.79486
2.61503	3.72369
2.6256	3.65283
2.63617	3.58237
2.64674	3.51241
2.65731	3.44303
2.66788	3.37429
2.67845	3.30623
2.68902	3.23889
2.69959	3.1723
2.71015	3.10645
2.72072	3.04137
2.73129	2.97743
2.74186	2.91466
2.75243	2.85261
2.763	2.79129
2.77357	2.73067
2.78414	2.67075
2.79471	2.61153
2.80528	2.55304
2.81585	2.4953
2.82642	2.43833
2.83699	2.3828
2.84756	2.32938
2.85813	2.27812
2.8687	2.22849
2.87927	2.17996
2.88984	2.13261
2.90041	2.08656
2.91098	2.04191
2.92155	1.99879
2.93212	1.95732
2.94268	1.91763
2.95325	1.87987
2.96382	1.84416
2.97439	1.81062
2.98496	1.77938
2.99553	1.75055
3.0061	1.7242
3.01667	1.70044
3.02724	1.67929
3.03781	1.66084
3.04838	1.64506
3.05895	1.63195
3.06952	1.62146
3.08009	1.61353
3.09066	1.60806
3.10123	1.60493
3.1118	1.60397
3.12237	1.60504
3.13294	1.60792
3.14351	1.61239
3.15408	1.61822
3.16465	1.62513
3.17521	1.63285
3.18578	1.64114
3.19635	1.64967
3.20692	1.65817
3.21749	1.66651
3.22806	1.67445
3.23863	1.68151
3.2492	1.68739
3.25977	1.69185
3.27034	1.69463
3.28091	1.69593
3.29148	1.69614
3.30205	1.69469
3.31262	1.6908
3.32319	1.68434
3.33376	1.6758
3.34433	1.66512
3.3549	1.65162
3.36547	1.63528
3.37604	1.6161
3.38661	1.59411
3.39718	1.56936
3.40774	1.54195
3.41831	1.512
3.42888	1.47963
3.43945	1.44497
3.45002	1.40825
3.46059	1.36963
3.47116	1.32931
3.48173	1.28811
3.4923	1.24625
3.50287	1.20333
3.51344	1.15958
3.52401	1.11523
3.53458	1.0705
3.54515	1.02561
3.55572	0.98077
3.56629	0.93619
3.57686	0.89208
3.58743	0.84863
3.598	0.80603
3.60857	0.76444
3.61914	0.72403
3.62971	0.68495
3.64027	0.64733
3.65084	0.61129
3.66141	0.57697
3.67198	0.54444
3.68255	0.51379
3.69312	0.48509
3.70369	0.4584
3.71426	0.43378
3.72483	0.41124
3.7354	0.39082
3.74597	0.37252
3.75654	0.35634
3.76711	0.34227
3.77768	0.33031
3.78825	0.32043
3.79882	0.31258
3.80939	0.30671
3.81996	0.3028
3.83053	0.30074
3.8411	0.3005
3.85167	0.302
3.86224	0.30515
3.87281	0.30988
3.88337	0.31609
3.89394	0.3237
3.90451	0.3326
3.91508	0.34271
3.92565	0.3539
3.93622	0.36608
3.94679	0.37913
3.95736	0.39296
3.96793	0.40742
3.9785	0.42242
3.98907	0.43784
3.99964	0.45357
4.01021	0.4695
4.02078	0.48551
4.03135	0.50149
4.04192	0.51734
4.05249	0.53295
4.06306	0.54822
4.07363	0.56306
4.0842	0.57737
4.09477	0.59149
4.10534	0.60532
4.1159	0.61839
4.12647	0.63064
4.13704	0.64199
4.14761	0.65243
4.15818	0.66189
4.16875	0.67036
4.17932	0.67783
4.18989	0.68429
4.20046	0.68975
4.21103	0.69424
4.2216	0.69782
4.23217	0.70052
4.24274	0.7024
4.25331	0.70355
4.26388	0.70406
4.27445	0.70404
4.28502	0.70419
4.29559	0.70464
4.30616	0.70491
4.31673	0.70513
4.3273	0.70543
4.33787	0.70597
4.34843	0.70689
4.359	0.70834
4.36957	0.71048
4.38014	0.71347
4.39071	0.71744
4.40128	0.72256
4.41185	0.72895
4.42242	0.73677
4.43299	0.74612
4.44356	0.75711
4.45413	0.76985
4.4647	0.78442
4.47527	0.80087
4.48584	0.81927
4.49641	0.83963
4.50698	0.86195
4.51755	0.88623
4.52812	0.91241
4.53869	0.94044
4.54926	0.97023
4.55983	1.00167
4.5704	1.03461
4.58096	1.06891
4.59153	1.10439
4.6021	1.14084
4.61267	1.17805
4.62324	1.21579
4.63381	1.25399
4.64438	1.29241
4.65495	1.33056
4.66552	1.36817
4.67609	1.40494
4.68666	1.44058
4.69723	1.47483
4.7078	1.50739
4.71837	1.53803
4.72894	1.56647
4.73951	1.59285
4.75008	1.61698
4.76065	1.63825
4.77122	1.65647
4.78179	1.67151
4.79236	1.68322
4.80293	1.69153
4.81349	1.69639
4.82406	1.69775
4.83463	1.69624
4.8452	1.69191
4.85577	1.6848
4.86634	1.67503
4.87691	1.6627
4.88748	1.64797
4.89805	1.63039
4.90862	1.61016
4.91919	1.5875
4.92976	1.56264
4.94033	1.53583
4.9509	1.50735
4.96147	1.47749
4.97204	1.4465
4.98261	1.41469
4.99318	1.38235
5.00375	1.34976
5.01432	1.3172
5.02489	1.28495
5.03546	1.25327
5.04602	1.2224
5.05659	1.19256
5.06716	1.16397
5.07773	1.13683
5.0883	1.11128
5.09887	1.08749
5.10944	1.06559
5.12001	1.04567
5.13058	1.02783
5.14115	1.01212
5.15172	0.99861
5.16229	0.98731
5.17286	0.97823
5.18343	0.97138
5.194	0.96674
5.20457	0.96426
5.21514	0.96394
5.22571	0.96571
5.23628	0.96952
5.24685	0.97532
5.25742	0.98324
5.26799	0.99321
5.27855	1.00495
5.28912	1.01839
5.29969	1.03346
5.31026	1.05008
5.32083	1.06877
5.3314	1.08945
5.34197	1.11141
5.35254	1.13457
5.36311	1.15883
5.37368	1.18408
5.38425	1.21023
5.39482	1.23716
5.40539	1.26477
5.41596	1.29294
5.42653	1.32155
5.4371	1.35047
5.44767	1.37959
5.45824	1.40875
5.46881	1.43783
5.47938	1.46668
5.48995	1.49516
5.50052	1.52313
5.51108	1.55044
5.52165	1.57694
5.53222	1.60251
5.54279	1.627
5.55336	1.65027
5.56393	1.67222
5.5745	1.69271
5.58507	1.71166
5.59564	1.72896
5.60621	1.74453
5.61678	1.75831
5.62735	1.77027
5.63792	1.78155
5.64849	1.79272
5.65906	1.80256
5.66963	1.81043
5.6802	1.81634
5.69077	1.82028
5.70134	1.82229
5.71191	1.82239
5.72248	1.82065
5.73305	1.81713
5.74362	1.81189
5.75418	1.80501
5.76475	1.7966
5.77532	1.78673
5.78589	1.77552
5.79646	1.76304
5.80703	1.74942
5.8176	1.73475
5.82817	1.71911
5.83874	1.70261
5.84931	1.68534
5.85988	1.66737
5.87045	1.64879
5.88102	1.63027
5.89159	1.61188
5.90216	1.59305
5.91273	1.57383
5.9233	1.55425
5.93387	1.53436
5.94444	1.51418
5.95501	1.49373
5.96558	1.47304
5.97615	1.45212
5.98671	1.43102
5.99728	1.41034
6.00785	1.39011
6.01842	1.36975
6.02899	1.34928
6.03956	1.32872
6.05013	1.3081
6.0607	1.28746
6.07127	1.26686
6.08184	1.24633
6.09241	1.22593
6.10298	1.20573
6.11355	1.1858
6.12412	1.16621
6.13469	1.14704
6.14526	1.12837
6.15583	1.11029
6.1664	1.09348
6.17697	1.07802
6.18754	1.06339
6.19811	1.04965
6.20868	1.03686
6.21924	1.02508
6.22981	1.01437
6.24038	1.00474
6.25095	0.99627
6.26152	0.98896
6.27209	0.9828
6.28266	0.97779
6.29323	0.97391
6.3038	0.97113
6.31437	0.9694
6.32494	0.96865
6.33551	0.96881
6.34608	0.96977
6.35665	0.97144
6.36722	0.9737
6.37779	0.97643
6.38836	0.97947
6.39893	0.9827
6.4095	0.98595
6.42007	0.98909
6.43064	0.99196
6.44121	0.99441
6.45177	0.99629
6.46234	0.99746
6.47291	0.99779
6.48348	0.99717
6.49405	0.99549
6.50462	0.99266
6.51519	0.9886
6.52576	0.98325
6.53633	0.97657
6.5469	0.96977
6.55747	0.96282
6.56804	0.95454
6.57861	0.94495
6.58918	0.9341
6.59975	0.92205
6.61032	0.90889
6.62089	0.89474
6.63146	0.87971
6.64203	0.86393
6.6526	0.84757
6.66317	0.83079
6.67374	0.81377
6.6843	0.79668
6.69487	0.77972
6.70544	0.76308
6.71601	0.74693
6.72658	0.73146
6.73715	0.71686
6.74772	0.70328
6.75829	0.6909
6.76886	0.67985
6.77943	0.67027
6.79	0.66226
6.80057	0.65592
6.81114	0.65136
6.82171	0.64861
6.83228	0.64774
6.84285	0.64874
6.85342	0.65161
6.86399	0.65635
6.87456	0.66291
6.88513	0.67123
6.8957	0.68124
6.90627	0.69286
6.91683	0.70596
6.9274	0.72045
6.93797	0.73619
6.94854	0.75305
6.95911	0.77088
6.96968	0.78953
6.98025	0.80885
6.99082	0.8287
7.00139	0.84891
7.01196	0.86935
7.02253	0.88987
7.0331	0.91034
7.04367	0.93064
7.05424	0.95065
7.06481	0.97026
7.07538	0.99
7.08595	1.00976
7.09652	1.02889
7.10709	1.04733
7.11766	1.06501
7.12823	1.08191
7.1388	1.09802
7.14936	1.11333
7.15993	1.12784
7.1705	1.14157
7.18107	1.15516
7.19164	1.16864
7.20221	1.18145
7.21278	1.19362
7.22335	1.20521
7.23392	1.21626
7.24449	1.22683
7.25506	1.23697
7.26563	1.24673
7.2762	1.25618
7.28677	1.26534
7.29734	1.27427
7.30791	1.28301
7.31848	1.29158
7.32905	1.30001
7.33962	1.30831
7.35019	1.3165
7.36076	1.32457
7.37133	1.33251
7.38189	1.34032
7.39246	1.34795
7.40303	1.35539
7.4136	1.36259
7.42417	1.37012
7.43474	1.37791
7.44531	1.3853
7.45588	1.39223
7.46645	1.39858
7.47702	1.40435
7.48759	1.40942
7.49816	1.41374
7.50873	1.41722
7.5193	1.4198
7.52987	1.42142
7.54044	1.42262
7.55101	1.42335
7.56158	1.42295
7.57215	1.42137
7.58272	1.41857
7.59329	1.41452
7.60386	1.40921
7.61443	1.40262
7.62499	1.39475
7.63556	1.38561
7.64613	1.37523
7.6567	1.36363
7.66727	1.35087
7.67784	1.337
7.68841	1.3225
7.69898	1.30741
7.70955	1.29141
7.72012	1.2746
7.73069	1.25705
7.74126	1.23887
7.75183	1.22076
7.7624	1.20283
7.77297	1.18457
7.78354	1.16609
7.79411	1.14749
7.80468	1.12887
7.81525	1.11035
7.82582	1.09203
7.83639	1.07405
7.84696	1.05646
7.85752	1.03939
7.86809	1.02293
7.87866	1.00718
7.88923	0.99223
7.8998	0.97816
7.91037	0.96507
7.92094	0.95302
7.93151	0.9421
7.94208	0.93238
7.95265	0.9239
7.96322	0.91674
7.97379	0.91094
7.98436	0.90657
7.99493	0.90366
8.0055	0.90227
8.01607	0.90243
8.02664	0.90418
8.03721	0.90755
8.04778	0.91257
8.05835	0.91926
8.06892	0.92824
8.07949	0.93954
8.09005	0.95254
8.10062	0.96723
8.11119	0.98363
8.12176	1.0017
8.13233	1.02142
8.1429	1.04277
8.15347	1.06571
8.16404	1.0902
8.17461	1.11619
8.18518	1.14362
8.19575	1.17243
8.20632	1.20254
8.21689	1.23386
8.22746	1.26631
8.23803	1.29979
8.2486	1.33419
8.25917	1.3694
8.26974	1.40529
8.28031	1.44174
8.29088	1.47862
8.30145	1.51579
8.31202	1.55311
8.32258	1.59045
8.33315	1.62767
8.34372	1.6646
8.35429	1.70115
8.36486	1.73715
8.37543	1.77308
8.386	1.80881
8.39657	1.84359
8.40714	1.87731
8.41771	1.91045
8.42828	1.94288
8.43885	1.9739
8.44942	2.00338
8.45999	2.03123
8.47056	2.05737
8.48113	2.08171
8.4917	2.10437
8.50227	2.1253
8.51284	2.14421
8.52341	2.16146
8.53398	2.17699
8.54455	2.19035
8.55511	2.2015
8.56568	2.21038
8.57625	2.21695
8.58682	2.22118
8.59739	2.22304
8.60796	2.2231
8.61853	2.22134
8.6291	2.21712
8.63967	2.21041
8.65024	2.20118
8.66081	2.18942
8.67138	2.17511
8.68195	2.15825
8.69252	2.13884
8.70309	2.11689
8.71366	2.09241
8.72423	2.06543
8.7348	2.03599
8.74537	2.00414
8.75594	1.97115
8.76651	1.93708
8.77708	1.9008
8.78764	1.86237
8.79821	1.8219
8.80878	1.77948
8.81935	1.73524
8.82992	1.68931
8.84049	1.64184
8.85106	1.59299
8.86163	1.54353
8.8722	1.49364
8.88277	1.4429
8.89334	1.39147
8.90391	1.33959
8.91448	1.28742
8.92505	1.23517
8.93562	1.18304
8.94619	1.13123
8.95676	1.07995
8.96733	1.02939
8.9779	0.97975
8.98847	0.9312
8.99904	0.88393
9.00961	0.83812
9.02017	0.7939
9.03074	0.75144
9.04131	0.71086
9.05188	0.67229
9.06245	0.63582
9.07302	0.60156
9.08359	0.56957
9.09416	0.53992
9.10473	0.51266
9.1153	0.48781
9.12587	0.4654
9.13644	0.44543
9.14701	0.42788
9.15758	0.41273
9.16815	0.39995
9.17872	0.38949
9.18929	0.38129
9.19986	0.37528
9.21043	0.37138
9.221	0.36951
9.23157	0.36958
9.24214	0.37149
9.2527	0.37515
9.26327	0.38045
9.27384	0.38731
9.28441	0.39558
9.29498	0.40517
9.30555	0.416
9.31612	0.42796
9.32669	0.44096
9.33726	0.45489
9.34783	0.4697
9.3584	0.48529
9.36897	0.5016
9.37954	0.51856
9.39011	0.53613
9.40068	0.55424
9.41125	0.57288
9.42182	0.592
9.43239	0.61158
9.44296	0.6316
9.45353	0.65206
9.4641	0.67295
9.47467	0.69487
9.48524	0.71781
9.4958	0.74117
9.50637	0.76494
9.51694	0.78911
9.52751	0.81365
9.53808	0.83859
9.54865	0.86388
9.55922	0.88951
9.56979	0.91545
9.58036	0.94166
9.59093	0.9681
9.6015	0.99471
9.61207	1.02144
9.62264	1.04822
9.63321	1.07496
9.64378	1.10159
9.65435	1.12801
9.66492	1.15413
9.67549	1.17982
9.68606	1.20502
9.69663	1.22962
9.7072	1.25349
9.71777	1.27653
9.72833	1.29866
9.7389	1.31979
9.74947	1.33981
9.76004	1.35866
9.77061	1.37628
9.78118	1.3926
9.79175	1.40762
9.80232	1.4213
9.81289	1.43363
9.82346	1.44524
9.83403	1.45655
9.8446	1.46759
9.85517	1.47798
9.86574	1.48717
9.87631	1.49522
9.88688	1.50218
9.89745	1.50815
9.90802	1.51321
9.91859	1.51745
9.92916	1.52097
9.93973	1.52387
9.9503	1.52624
9.96086	1.52818
9.97143	1.52979
9.982	1.53113
9.99257	1.53228
10.00314	1.53331
10.01371	1.53425
10.02428	1.53516
10.03485	1.53604
10.04542	1.53691
10.05599	1.53776
10.06656	1.53857
10.07713	1.5393
10.0877	1.53991
10.09827	1.54034
10.10884	1.54051
10.11941	1.54036
10.12998	1.53981
10.14055	1.53877
10.15112	1.53715
10.16169	1.53487
10.17226	1.53186
10.18283	1.52803
10.19339	1.52454
10.20396	1.52131
10.21453	1.51706
10.2251	1.51174
10.23567	1.50532
10.24624	1.49776
10.25681	1.48907
10.26738	1.47924
10.27795	1.46829
10.28852	1.45627
10.29909	1.44324
10.30966	1.42927
10.32023	1.41443
10.3308	1.39943
10.34137	1.38437
10.35194	1.36875
10.36251	1.35268
10.37308	1.33628
10.38365	1.31966
10.39422	1.30295
10.40479	1.28626
10.41536	1.26971
10.42592	1.25342
10.43649	1.23749
10.44706	1.22201
10.45763	1.20709
10.4682	1.19279
10.47877	1.1792
10.48934	1.16636
10.49991	1.15433
10.51048	1.14315
10.52105	1.13284
10.53162	1.1234
10.54219	1.11505
10.55276	1.10778
10.56333	1.10135
10.5739	1.09574
10.58447	1.0909
10.59504	1.0868
10.60561	1.08336
10.61618	1.08055
10.62675	1.07828
10.63732	1.0765
10.64789	1.07513
10.65845	1.07472
10.66902	1.0752
10.67959	1.07587
10.69016	1.07667
10.70073	1.07752
10.7113	1.07836
10.72187	1.07913
10.73244	1.07977
10.74301	1.08023
10.75358	1.08048
10.76415	1.08047
10.77472	1.08021
10.78529	1.07965
10.79586	1.07879
10.80643	1.07762
10.817	1.07614
10.82757	1.07438
10.83814	1.07235
10.84871	1.07006
10.85928	1.06776
10.86985	1.06549
10.88042	1.06305
10.89098	1.0611
10.90155	1.05966
10.91212	1.05817
10.92269	1.05664
10.93326	1.05511
10.94383	1.05359
10.9544	1.05211
10.96497	1.05069
10.97554	1.04933
10.98611	1.04804
10.99668	1.04683
11.00725	1.04569
11.01782	1.04461
11.02839	1.04356
11.03896	1.04253
11.04953	1.04147
11.0601	1.04035
11.07067	1.03913
11.08124	1.03774
11.09181	1.03614
11.10238	1.03426
11.11295	1.03203
11.12351	1.02939
11.13408	1.02629
11.14465	1.02263
11.15522	1.01835
11.16579	1.01341
11.17636	1.00832
11.18693	1.00306
11.1975	0.99692
11.20807	0.98988
11.21864	0.9819
11.22921	0.97294
11.23978	0.96298
11.25035	0.95202
11.26092	0.94008
11.27149	0.92716
11.28206	0.91331
11.29263	0.89857
11.3032	0.883
11.31377	0.86729
11.32434	0.85151
11.33491	0.83515
11.34548	0.8183
11.35604	0.80109
11.36661	0.78362
11.37718	0.76603
11.38775	0.74844
11.39832	0.731
11.40889	0.71384
11.41946	0.69711
11.43003	0.68098
11.4406	0.66554
11.45117	0.65096
11.46174	0.63737
11.47231	0.6249
11.48288	0.61369
11.49345	0.60384
11.50402	0.59547
11.51459	0.58868
11.52516	0.58356
11.53573	0.58019
11.5463	0.57864
11.55687	0.57898
11.56744	0.58124
11.57801	0.58547
11.58858	0.59172
11.59914	0.59998
11.60971	0.61028
11.62028	0.6226
11.63085	0.63695
11.64142	0.6533
11.65199	0.67162
11.66256	0.69188
11.67313	0.71405
11.6837	0.73808
11.69427	0.76391
11.70484	0.79148
11.71541	0.82074
11.72598	0.8516
11.73655	0.884
11.74712	0.91786
11.75769	0.95308
11.76826	0.9896
11.77883	1.02728
11.7894	1.06666
11.79997	1.10761
11.81054	1.14939
11.82111	1.1919
11.83167	1.235
11.84224	1.27855
11.85281	1.32241
11.86338	1.36643
11.87395	1.41046
11.88452	1.45436
11.89509	1.49797
11.90566	1.54113
11.91623	1.5837
11.9268	1.62553
11.93737	1.66646
11.94794	1.70634
11.95851	1.74504
11.96908	1.78242
11.97965	1.81836
11.99022	1.85272
12.00079	1.88541
12.01136	1.91631
12.02193	1.94535
12.0325	1.97304
12.04307	1.99933
12.05364	2.02373
12.0642	2.04621
12.07477	2.06651
12.08534	2.08522
12.09591	2.1023
12.10648	2.11779
12.11705	2.13165
12.12762	2.14329
12.13819	2.15273
12.14876	2.15998
12.15933	2.1651
12.1699	2.16813
12.18047	2.16913
12.19104	2.16815
12.20161	2.16527
12.21218	2.16056
12.22275	2.15411
12.23332	2.14597
12.24389	2.13627
12.25446	2.12507
12.26503	2.11245
12.2756	2.09852
12.28617	2.08334
12.29673	2.067
12.3073	2.0498
12.31787	2.03179
12.32844	2.01286
12.33901	1.99308
12.34958	1.97371
12.36015	1.95482
12.37072	1.93524
12.38129	1.91501
12.39186	1.89416
12.40243	1.87275
12.413	1.85077
12.42357	1.82828
12.43414	1.80531
12.44471	1.78189
12.45528	1.75805
12.46585	1.73383
12.47642	1.70927
12.48699	1.6844
12.49756	1.65925
12.50813	1.63386
12.5187	1.60828
12.52926	1.58254
12.53983	1.55669
12.5504	1.53138
12.56097	1.50665
12.57154	1.48193
12.58211	1.45727
12.59268	1.43271
12.60325	1.40829
12.61382	1.38406
12.62439	1.36007
12.63496	1.33637
12.64553	1.31302
12.6561	1.29007
12.66667	1.26758
12.67724	1.24561
12.68781	1.22483
12.69838	1.2053
12.70895	1.18645
12.71952	1.16837
12.73009	1.15109
12.74066	1.13468
12.75123	1.11919
12.76179	1.10469
12.77236	1.09122
12.78293	1.07886
12.7935	1.06766
12.80407	1.05768
12.81464	1.04898
12.82521	1.04162
12.83578	1.03565
12.84635	1.03112
12.85692	1.02809
12.86749	1.02661
12.87806	1.02672
12.88863	1.02846
12.8992	1.03187
12.90977	1.03699
12.92034	1.04383
12.93091	1.05241
12.94148	1.06275
12.95205	1.07484
12.96262	1.08929
12.97319	1.10607
12.98376	1.12454
12.99432	1.14465
13.00489	1.16631
13.01546	1.18947
13.02603	1.21403
13.0366	1.23988
13.04717	1.26691
13.05774	1.29497
13.06831	1.32392
13.07888	1.35359
13.08945	1.38379
13.10002	1.41435
13.11059	1.44505
13.12116	1.47567
13.13173	1.506
13.1423	1.5358
13.15287	1.56482
13.16344	1.59283
13.17401	1.61957
13.18458	1.6448
13.19515	1.66828
13.20572	1.68976
13.21629	1.70902
13.22685	1.72645
13.23742	1.74183
13.24799	1.75437
13.25856	1.76387
13.26913	1.77016
13.2797	1.77314
13.29027	1.77269
13.30084	1.76871
13.31141	1.76115
13.32198	1.75119
13.33255	1.73883
13.34312	1.72286
13.35369	1.70331
13.36426	1.68028
13.37483	1.65384
13.3854	1.62412
13.39597	1.59128
13.40654	1.55609
13.41711	1.51876
13.42768	1.47887
13.43825	1.43665
13.44882	1.39234
13.45939	1.34618
13.46995	1.29843
13.48052	1.24937
13.49109	1.19925
13.50166	1.14834
13.51223	1.09691
13.5228	1.04521
13.53337	0.99349
13.54394	0.942
13.55451	0.89096
13.56508	0.84059
13.57565	0.79109
13.58622	0.74264
13.59679	0.6954
13.60736	0.64953
13.61793	0.60516
13.6285	0.5624
13.63907	0.52134
13.64964	0.48205
13.66021	0.44459
13.67078	0.409
13.68135	0.3753
13.69192	0.34349
13.70248	0.31358
13.71305	0.28554
13.72362	0.25934
13.73419	0.23494
13.74476	0.21229
13.75533	0.19133
13.7659	0.17199
13.77647	0.15421
13.78704	0.13791
13.79761	0.12302
13.80818	0.10945
13.81875	0.09712
13.82932	0.08596
13.83989	0.07589
13.85046	0.06682
13.86103	0.05869
13.8716	0.05141
13.88217	0.0449
13.89274	0.03913
13.90331	0.03402
13.91388	0.02949
13.92445	0.02551
13.93501	0.02201
13.94558	0.01894
13.95615	0.01626
13.96672	0.01393
13.97729	0.01192
13.98786	0.01017
13.99843	0.00867
14.009	0.00739
14.01957	0.0063
14.03014	0.00537
14.04071	0.00459
14.05128	0.00395
14.06185	0.00342
14.07242	0.00299
14.08299	0.00266
14.09356	0.00241
14.10413	0.00224
14.1147	0.00213
14.12527	0.00209
14.13584	0.00212
14.14641	0.00219
14.15698	0.00234
14.16754	0.00254
14.17811	0.00281
14.18868	0.00314
14.19925	0.00354
14.20982	0.00401
14.22039	0.00456
14.23096	0.00518
14.24153	0.00587
14.2521	0.00668
14.26267	0.00758
14.27324	0.0086
14.28381	0.00972
14.29438	0.01097
14.30495	0.01234
14.31552	0.01385
14.32609	0.0155
14.33666	0.0173
14.34723	0.01927
14.3578	0.0214
14.36837	0.02369
14.37894	0.02616
14.38951	0.02881
14.40007	0.03163
14.41064	0.03464
14.42121	0.03782
14.43178	0.04119
14.44235	0.04472
14.45292	0.04843
14.46349	0.0523
14.47406	0.05631
14.48463	0.06047
14.4952	0.06475
14.50577	0.06914
14.51634	0.07363
14.52691	0.07818
14.53748	0.08279
14.54805	0.08743
14.55862	0.09206
14.56919	0.09667
14.57976	0.10123
14.59033	0.10571
14.6009	0.11008
14.61147	0.11431
14.62204	0.11837
14.6326	0.12223
14.64317	0.12587
14.65374	0.12926
14.66431	0.13236
14.67488	0.13516
14.68545	0.13764
14.69602	0.13977
14.70659	0.14154
14.71716	0.14293
14.72773	0.14393
14.7383	0.14453
14.74887	0.14474
14.75944	0.14474
14.77001	0.14453
14.78058	0.14393
14.79115	0.14293
14.80172	0.14154
14.81229	0.13977
14.82286	0.13764
14.83343	0.13516
14.844	0.13236
14.85457	0.12926
14.86513	0.12587
14.8757	0.12223
14.88627	0.11837
14.89684	0.11431
14.90741	0.11008
14.91798	0.10571
14.92855	0.10123
14.93912	0.09667
14.94969	0.09206
14.96026	0.08743
14.97083	0.08279
14.9814	0.07818
14.99197	0.07363
15.00254	0.06914
15.01311	0.06475
15.02368	0.06047
15.03425	0.05631
15.04482	0.0523
15.05539	0.04843
15.06596	0.04472
15.07653	0.04119
15.0871	0.03782
15.09766	0.03464
15.10823	0.03163
15.1188	0.02881
15.12937	0.02616
15.13994	0.02369
15.15051	0.0214
15.16108	0.01927
15.17165	0.0173
15.18222	0.0155
15.19279	0.01384
15.20336	0.01232
15.21393	0.01095
15.2245	0.00969
15.23507	0.00856
15.24564	0.00754
15.25621	0.00662
15.26678	0.0058
15.27735	0.00506
15.28792	0.00441
15.29849	0.00383
15.30906	0.00332
15.31963	0.00286
15.3302	0.00247
15.34076	0.00212
15.35133	0.00181
15.3619	0.00155
15.37247	0.00132
15.38304	0.00112
15.39361	9.49061E-4
15.40418	8.01515E-4
15.41475	6.75019E-4
15.42532	5.66902E-4
15.43589	4.74773E-4
15.44646	3.96508E-4
15.45703	3.30221E-4
15.4676	2.74249E-4
15.47817	2.27129E-4
15.48874	1.8758E-4
15.49931	1.54485E-4
15.50988	1.26875E-4
15.52045	1.03908E-4
15.53102	8.48619E-5
16.75708	0
