-57.68066	0
-57.67009	0
-56.59205	1.27938E-4
-56.58149	1.6244E-4
-56.57092	2.05672E-4
-56.56035	2.59683E-4
-56.54978	3.26964E-4
-56.53921	4.10529E-4
-56.52864	5.14013E-4
-56.51807	6.41788E-4
-56.5075	7.99091E-4
-56.49693	9.92175E-4
-56.48636	0.00123
-56.4758	0.00152
-56.46523	0.00187
-56.45466	0.00229
-56.44409	0.00281
-56.43352	0.00343
-56.42295	0.00417
-56.41238	0.00507
-56.40181	0.00614
-56.39124	0.00741
-56.38067	0.00892
-56.37011	0.01071
-56.35954	0.01283
-56.34897	0.01532
-56.3384	0.01824
-56.32783	0.02165
-56.31726	0.02564
-56.30669	0.03027
-56.29612	0.03565
-56.28555	0.04185
-56.27499	0.04901
-56.26442	0.05722
-56.25385	0.06663
-56.24328	0.07737
-56.23271	0.08958
-56.22214	0.10344
-56.21157	0.11911
-56.201	0.13676
-56.19043	0.1566
-56.17986	0.17881
-56.1693	0.20361
-56.15873	0.23119
-56.14816	0.26178
-56.13759	0.2956
-56.12702	0.33285
-56.11645	0.37375
-56.10588	0.4185
-56.09531	0.4673
-56.08474	0.52035
-56.07417	0.57779
-56.06361	0.63979
-56.05304	0.70647
-56.04247	0.77792
-56.0319	0.85421
-56.02133	0.93536
-56.01076	1.02137
-56.00019	1.11218
-55.98962	1.20768
-55.97905	1.30773
-55.96849	1.41211
-55.95792	1.52057
-55.94735	1.6328
-55.93678	1.74843
-55.92621	1.86702
-55.91564	1.98809
-55.90507	2.11111
-55.8945	2.2355
-55.88393	2.36061
-55.87336	2.48577
-55.8628	2.61027
-55.85223	2.73335
-55.84166	2.85426
-55.83109	2.97221
-55.82052	3.0864
-55.80995	3.19604
-55.79938	3.30035
-55.78881	3.39855
-55.77824	3.48992
-55.76768	3.57375
-55.75711	3.64939
-55.74654	3.71624
-55.73597	3.77376
-55.7254	3.82148
-55.71483	3.85902
-55.70426	3.88605
-55.69369	3.90236
-55.68312	3.90782
-55.67255	3.90782
-55.66199	3.90236
-55.65142	3.88605
-55.64085	3.85902
-55.63028	3.82148
-55.61971	3.77376
-55.60914	3.71624
-55.59857	3.64939
-55.588	3.57375
-55.57743	3.48992
-55.56686	3.39855
-55.5563	3.30035
-55.54573	3.19604
-55.53516	3.0864
-55.52459	2.97221
-55.51402	2.85426
-55.50345	2.73335
-55.49288	2.61027
-55.48231	2.48577
-55.47174	2.36061
-55.46118	2.2355
-55.45061	2.11111
-55.44004	1.98809
-55.42947	1.86702
-55.4189	1.74843
-55.40833	1.6328
-55.39776	1.52057
-55.38719	1.41211
-55.37662	1.30773
-55.36605	1.20768
-55.35549	1.11218
-55.34492	1.02137
-55.33435	0.93536
-55.32378	0.85421
-55.31321	0.77792
-55.30264	0.70647
-55.29207	0.63979
-55.2815	0.57779
-55.27093	0.52035
-55.26036	0.4673
-55.2498	0.4185
-55.23923	0.37375
-55.22866	0.33285
-55.21809	0.2956
-55.20752	0.26178
-55.19695	0.23119
-55.18638	0.20361
-55.17581	0.17881
-55.16524	0.1566
-55.15468	0.13676
-55.14411	0.11911
-55.13354	0.10344
-55.12297	0.08958
-55.1124	0.07737
-55.10183	0.06663
-55.09126	0.05722
-55.08069	0.04901
-55.07012	0.04185
-55.05955	0.03565
-55.04899	0.03027
-55.03842	0.02564
-55.02785	0.02165
-55.01728	0.01824
-55.00671	0.01532
-54.99614	0.01283
-54.98557	0.01071
-54.975	0.00892
-54.96443	0.00741
-54.95386	0.00614
-54.9433	0.00507
-54.93273	0.00417
-54.92216	0.00343
-54.91159	0.00281
-54.90102	0.00229
-54.89045	0.00187
-54.87988	0.00152
-54.86931	0.00123
-54.85874	9.92175E-4
-54.84818	7.99091E-4
-54.83761	6.41788E-4
-54.82704	5.14013E-4
-54.81647	4.10529E-4
-54.8059	3.26964E-4
-54.79533	2.59683E-4
-54.78476	2.05672E-4
-54.77419	1.6244E-4
-54.76362	1.27938E-4
-54.75305	0
-32.65335	1.56583E-4
-32.64278	2.93259E-4
-32.63221	4.37578E-4
-32.62164	6.38167E-4
-32.61107	8.04905E-4
-32.6005	0.00101
-32.58993	0.00127
-32.57937	0.00159
-32.5688	0.00198
-32.55823	0.00246
-32.54766	0.00306
-32.53709	0.00378
-32.52652	0.00466
-32.51595	0.00574
-32.50538	0.00704
-32.49481	0.00861
-32.48424	0.0105
-32.47368	0.01278
-32.46311	0.0155
-32.45254	0.01876
-32.44197	0.02263
-32.4314	0.02722
-32.42083	0.03266
-32.41026	0.03908
-32.39969	0.04662
-32.38912	0.05547
-32.37856	0.06582
-32.36799	0.07788
-32.35742	0.09189
-32.34685	0.10812
-32.33628	0.12687
-32.32571	0.14846
-32.31514	0.17323
-32.30457	0.20158
-32.294	0.23392
-32.28343	0.2707
-32.27287	0.31239
-32.2623	0.3595
-32.25173	0.41256
-32.24116	0.47215
-32.23059	0.53884
-32.22002	0.61325
-32.20945	0.696
-32.19888	0.78772
-32.18831	0.88905
-32.17774	1.00064
-32.16718	1.12311
-32.15661	1.25708
-32.14604	1.40312
-32.13547	1.56178
-32.1249	1.73357
-32.11433	1.91891
-32.10376	2.11818
-32.09319	2.33166
-32.08262	2.55953
-32.07206	2.80188
-32.06149	3.05867
-32.05092	3.32973
-32.04035	3.61476
-32.02978	3.91331
-32.01921	4.22477
-32.00864	4.54836
-31.99807	4.88316
-31.9875	5.22807
-31.97693	5.58181
-31.96637	5.94296
-31.9558	6.30993
-31.94523	6.68097
-31.93466	7.05422
-31.92409	7.42766
-31.91352	7.79918
-31.90295	8.16657
-31.89238	8.52756
-31.88181	8.8798
-31.87124	9.22095
-31.86068	9.54865
-31.85011	9.86057
-31.83954	10.15444
-31.82897	10.42807
-31.8184	10.67937
-31.80783	10.9064
-31.79726	11.10736
-31.78669	11.28065
-31.77612	11.42488
-31.76556	11.53885
-31.75499	11.62164
-31.74442	11.67559
-31.73385	11.70309
-31.72328	11.7049
-31.71271	11.68102
-31.70214	11.63124
-31.69157	11.55314
-31.681	11.44374
-31.67043	11.30395
-31.65987	11.13489
-31.6493	10.93794
-31.63873	10.71467
-31.62816	10.46686
-31.61759	10.19641
-31.60702	9.90541
-31.59645	9.59602
-31.58588	9.27052
-31.57531	8.93121
-31.56474	8.58046
-31.55418	8.22062
-31.54361	7.85403
-31.53304	7.48298
-31.52247	7.10968
-31.5119	6.73627
-31.50133	6.36477
-31.49076	5.99708
-31.48019	5.63496
-31.46962	5.28001
-31.45906	4.93371
-31.44849	4.59733
-31.43792	4.272
-31.42735	3.95869
-31.41678	3.65818
-31.40621	3.3711
-31.39564	3.09794
-31.38507	2.83902
-31.3745	2.59452
-31.36393	2.3645
-31.35337	2.14889
-31.3428	1.94753
-31.33223	1.76014
-31.32166	1.58637
-31.31109	1.42579
-31.30052	1.27791
-31.28995	1.14219
-31.27938	1.01805
-31.26881	0.90489
-31.25824	0.80208
-31.24768	0.70897
-31.23711	0.62494
-31.22654	0.54933
-31.21597	0.48154
-31.2054	0.42094
-31.19483	0.36694
-31.18426	0.31899
-31.17369	0.27653
-31.16312	0.23906
-31.15256	0.20609
-31.14199	0.17718
-31.13142	0.1519
-31.12085	0.12986
-31.11028	0.11072
-31.09971	0.09413
-31.08914	0.07981
-31.07857	0.06748
-31.068	0.0569
-31.05743	0.04784
-31.04687	0.04011
-31.0363	0.03354
-31.02573	0.02797
-31.01516	0.02325
-31.00459	0.01928
-30.99402	0.01595
-30.98345	0.01315
-30.97288	0.01081
-30.96231	0.00887
-30.95174	0.00725
-30.94118	0.00591
-30.93061	0.00481
-30.92004	0.0039
-30.90947	0.00315
-30.8989	0.00254
-30.88833	0.00205
-30.87776	0.00164
-30.86719	0.00131
-30.85662	0.00105
-30.84606	8.3247E-4
-30.83549	6.60281E-4
-30.82492	4.66431E-4
-30.81435	3.16112E-4
-30.80378	1.74632E-4
-30.79321	8.52919E-5
-9.96178	1.0399E-4
-9.95121	1.26972E-4
-9.94064	1.546E-4
-9.93007	1.87715E-4
-9.9195	2.27288E-4
-9.90894	2.74436E-4
-9.89837	3.30439E-4
-9.8878	3.96762E-4
-9.87723	4.75068E-4
-9.86666	5.67242E-4
-9.85609	6.75412E-4
-9.84552	8.01966E-4
-9.83495	9.49577E-4
-9.82438	0.00112
-9.81381	0.00132
-9.80325	0.00155
-9.79268	0.00182
-9.78211	0.00212
-9.77154	0.00247
-9.76097	0.00287
-9.7504	0.00332
-9.73983	0.00383
-9.72926	0.00441
-9.71869	0.00507
-9.70813	0.0058
-9.69756	0.00662
-9.68699	0.00754
-9.67642	0.00856
-9.66585	0.0097
-9.65528	0.01095
-9.64471	0.01233
-9.63414	0.01384
-9.62357	0.0155
-9.613	0.01731
-9.60244	0.01927
-9.59187	0.0214
-9.5813	0.0237
-9.57073	0.02617
-9.56016	0.02881
-9.54959	0.03164
-9.53902	0.03464
-9.52845	0.03783
-9.51788	0.04119
-9.50731	0.04473
-9.49675	0.04843
-9.48618	0.0523
-9.47561	0.05632
-9.46504	0.06047
-9.45447	0.06476
-9.4439	0.06915
-9.43333	0.07363
-9.42276	0.0782
-9.41219	0.08281
-9.40163	0.08745
-9.39106	0.09209
-9.38049	0.09671
-9.36992	0.10128
-9.35935	0.10577
-9.34878	0.11015
-9.33821	0.1144
-9.32764	0.11848
-9.31707	0.12237
-9.3065	0.12604
-9.29594	0.12946
-9.28537	0.13262
-9.2748	0.13547
-9.26423	0.13802
-9.25366	0.14023
-9.24309	0.1421
-9.23252	0.14361
-9.22195	0.14475
-9.21138	0.14552
-9.20081	0.14592
-9.19025	0.14616
-9.17968	0.14623
-9.16911	0.14595
-9.15854	0.14533
-9.14797	0.14439
-9.1374	0.14313
-9.12683	0.1416
-9.11626	0.13981
-9.10569	0.13781
-9.09513	0.13561
-9.08456	0.13328
-9.07399	0.13083
-9.06342	0.12833
-9.05285	0.1258
-9.04228	0.12332
-9.03171	0.12091
-9.02114	0.11864
-9.01057	0.11654
-9	0.11469
-8.98944	0.11312
-8.97887	0.11188
-8.9683	0.11103
-8.95773	0.11062
-8.94716	0.11068
-8.93659	0.11126
-8.92602	0.1124
-8.91545	0.11413
-8.90488	0.1165
-8.89431	0.11952
-8.88375	0.12323
-8.87318	0.12763
-8.86261	0.13274
-8.85204	0.13857
-8.84147	0.14512
-8.8309	0.1524
-8.82033	0.16037
-8.80976	0.16902
-8.79919	0.17833
-8.78863	0.18826
-8.77806	0.19878
-8.76749	0.20983
-8.75692	0.22136
-8.74635	0.23332
-8.73578	0.24563
-8.72521	0.25822
-8.71464	0.27102
-8.70407	0.28394
-8.6935	0.29691
-8.68294	0.30982
-8.67237	0.32259
-8.6618	0.33512
-8.65123	0.34733
-8.64066	0.35912
-8.63009	0.37039
-8.61952	0.38108
-8.60895	0.39108
-8.59838	0.40032
-8.58781	0.40874
-8.57725	0.41626
-8.56668	0.42283
-8.55611	0.42841
-8.54554	0.43295
-8.53497	0.43642
-8.5244	0.43881
-8.51383	0.44012
-8.50326	0.44096
-8.49269	0.44133
-8.48213	0.44065
-8.47156	0.43896
-8.46099	0.43629
-8.45042	0.4327
-8.43985	0.42824
-8.42928	0.423
-8.41871	0.41704
-8.40814	0.41047
-8.39757	0.40337
-8.387	0.39585
-8.37644	0.38801
-8.36587	0.37997
-8.3553	0.37182
-8.34473	0.36369
-8.33416	0.35568
-8.32359	0.3479
-8.31302	0.34046
-8.30245	0.33345
-8.29188	0.32698
-8.28131	0.32113
-8.27075	0.31596
-8.26018	0.31155
-8.24961	0.30797
-8.23904	0.30526
-8.22847	0.30346
-8.2179	0.30259
-8.20733	0.30267
-8.19676	0.3037
-8.18619	0.30568
-8.17563	0.30857
-8.16506	0.31235
-8.15449	0.31697
-8.14392	0.32238
-8.13335	0.32852
-8.12278	0.33531
-8.11221	0.34267
-8.10164	0.35053
-8.09107	0.35878
-8.0805	0.36733
-8.06994	0.37608
-8.05937	0.38494
-8.0488	0.3938
-8.03823	0.40256
-8.02766	0.41113
-8.01709	0.41942
-8.00652	0.42734
-7.99595	0.43481
-7.98538	0.44177
-7.97481	0.44814
-7.96425	0.45388
-7.95368	0.45893
-7.94311	0.46328
-7.93254	0.4669
-7.92197	0.46979
-7.9114	0.47254
-7.90083	0.47518
-7.89026	0.47711
-7.87969	0.47836
-7.86913	0.47896
-7.85856	0.47898
-7.84799	0.47846
-7.83742	0.47747
-7.82685	0.47608
-7.81628	0.47441
-7.80571	0.47247
-7.79514	0.47039
-7.78457	0.46825
-7.774	0.46615
-7.76344	0.46417
-7.75287	0.46238
-7.7423	0.46088
-7.73173	0.45973
-7.72116	0.45902
-7.71059	0.45879
-7.70002	0.45911
-7.68945	0.46001
-7.67888	0.46152
-7.66831	0.46368
-7.65775	0.46649
-7.64718	0.46996
-7.63661	0.47407
-7.62604	0.47879
-7.61547	0.48411
-7.6049	0.48998
-7.59433	0.49635
-7.58376	0.50315
-7.57319	0.51036
-7.56263	0.51786
-7.55206	0.52562
-7.54149	0.53353
-7.53092	0.54153
-7.52035	0.54954
-7.50978	0.55769
-7.49921	0.56591
-7.48864	0.57394
-7.47807	0.58171
-7.4675	0.58917
-7.45694	0.59629
-7.44637	0.60304
-7.4358	0.6094
-7.42523	0.61538
-7.41466	0.62097
-7.40409	0.62621
-7.39352	0.63114
-7.38295	0.63582
-7.37238	0.64032
-7.36181	0.64533
-7.35125	0.65095
-7.34068	0.65666
-7.33011	0.6626
-7.31954	0.66887
-7.30897	0.67561
-7.2984	0.68296
-7.28783	0.69106
-7.27726	0.70006
-7.26669	0.71011
-7.25613	0.72135
-7.24556	0.73391
-7.23499	0.74793
-7.22442	0.76353
-7.21385	0.78083
-7.20328	0.79992
-7.19271	0.82089
-7.18214	0.84379
-7.17157	0.86867
-7.161	0.89555
-7.15044	0.92444
-7.13987	0.9553
-7.1293	0.98809
-7.11873	1.02276
-7.10816	1.05919
-7.09759	1.09725
-7.08702	1.13684
-7.07645	1.17775
-7.06588	1.21982
-7.05531	1.26285
-7.04475	1.30661
-7.03418	1.35088
-7.02361	1.39542
-7.01304	1.43998
-7.00247	1.48432
-6.9919	1.52815
-6.98133	1.57124
-6.97076	1.61333
-6.96019	1.65418
-6.94963	1.69356
-6.93906	1.73123
-6.92849	1.76702
-6.91792	1.80069
-6.90735	1.8321
-6.89678	1.86231
-6.88621	1.89118
-6.87564	1.91737
-6.86507	1.94078
-6.8545	1.96154
-6.84394	1.98021
-6.83337	1.99656
-6.8228	2.00999
-6.81223	2.02049
-6.80166	2.02812
-6.79109	2.03294
-6.78052	2.03505
-6.76995	2.03457
-6.75938	2.03163
-6.74881	2.0264
-6.73825	2.01906
-6.72768	2.0098
-6.71711	1.99883
-6.70654	1.98639
-6.69597	1.97271
-6.6854	1.95808
-6.67483	1.94271
-6.66426	1.92689
-6.65369	1.91131
-6.64313	1.89624
-6.63256	1.88217
-6.62199	1.86936
-6.61142	1.85748
-6.60085	1.84678
-6.59028	1.83754
-6.57971	1.83002
-6.56914	1.82446
-6.55857	1.82111
-6.548	1.82019
-6.53744	1.82193
-6.52687	1.82653
-6.5163	1.83419
-6.50573	1.84546
-6.49516	1.86051
-6.48459	1.87904
-6.47402	1.90115
-6.46345	1.92694
-6.45288	1.95643
-6.44231	1.98966
-6.43175	2.02662
-6.42118	2.06728
-6.41061	2.11157
-6.40004	2.15941
-6.38947	2.21068
-6.3789	2.26524
-6.36833	2.32292
-6.35776	2.38353
-6.34719	2.44683
-6.33663	2.51281
-6.32606	2.5812
-6.31549	2.65153
-6.30492	2.72353
-6.29435	2.79686
-6.28378	2.87126
-6.27321	2.9464
-6.26264	3.02197
-6.25207	3.09769
-6.2415	3.17324
-6.23094	3.24836
-6.22037	3.32276
-6.2098	3.3962
-6.19923	3.46904
-6.18866	3.54166
-6.17809	3.61328
-6.16752	3.68426
-6.15695	3.75445
-6.14638	3.82248
-6.13581	3.88822
-6.12525	3.95155
-6.11468	4.01241
-6.10411	4.07074
-6.09354	4.12652
-6.08297	4.18035
-6.0724	4.23225
-6.06183	4.28166
-6.05126	4.32861
-6.04069	4.37319
-6.03013	4.41547
-6.01956	4.45554
-6.00899	4.49413
-5.99842	4.53134
-5.98785	4.56667
-5.97728	4.60041
-5.96671	4.63336
-5.95614	4.66536
-5.94557	4.69588
-5.935	4.72501
-5.92444	4.75284
-5.91387	4.77946
-5.9033	4.80573
-5.89273	4.8317
-5.88216	4.85701
-5.87159	4.88167
-5.86102	4.9053
-5.85045	4.9279
-5.83988	4.94946
-5.82931	4.96997
-5.81875	4.98946
-5.80818	5.00786
-5.79761	5.02515
-5.78704	5.04133
-5.77647	5.05638
-5.7659	5.07148
-5.75533	5.08661
-5.74476	5.1005
-5.73419	5.11372
-5.72363	5.12626
-5.71306	5.13807
-5.70249	5.14954
-5.69192	5.16003
-5.68135	5.16911
-5.67078	5.17676
-5.66021	5.18299
-5.64964	5.1878
-5.63907	5.19121
-5.6285	5.19325
-5.61794	5.19396
-5.60737	5.19341
-5.5968	5.19228
-5.58623	5.1906
-5.57566	5.18846
-5.56509	5.18596
-5.55452	5.18255
-5.54395	5.17893
-5.53338	5.17519
-5.52281	5.17142
-5.51225	5.1677
-5.50168	5.16373
-5.49111	5.15958
-5.48054	5.15515
-5.46997	5.15051
-5.4594	5.14576
-5.44883	5.14099
-5.43826	5.13689
-5.42769	5.13352
-5.41713	5.13034
-5.40656	5.12742
-5.39599	5.12481
-5.38542	5.12315
-5.37485	5.12254
-5.36428	5.1229
-5.35371	5.12428
-5.34314	5.12605
-5.33257	5.12821
-5.322	5.13071
-5.31144	5.13351
-5.30087	5.13657
-5.2903	5.13981
-5.27973	5.14377
-5.26916	5.14836
-5.25859	5.15411
-5.24802	5.16084
-5.23745	5.16727
-5.22688	5.17322
-5.21632	5.17858
-5.20575	5.18312
-5.19518	5.18673
-5.18461	5.18926
-5.17404	5.19054
-5.16347	5.19041
-5.1529	5.18877
-5.14233	5.18607
-5.13176	5.18216
-5.12119	5.17694
-5.11063	5.17026
-5.10006	5.16143
-5.08949	5.15033
-5.07892	5.13691
-5.06835	5.12112
-5.05778	5.10288
-5.04721	5.0834
-5.03664	5.06391
-5.02607	5.04317
-5.0155	5.02001
-5.00494	4.99443
-4.99437	4.96649
-4.9838	4.93628
-4.97323	4.90392
-4.96266	4.86953
-4.95209	4.83328
-4.94152	4.79531
-4.93095	4.75583
-4.92038	4.71504
-4.90982	4.67318
-4.89925	4.63171
-4.88868	4.59085
-4.87811	4.54964
-4.86754	4.50832
-4.85697	4.46715
-4.8464	4.42696
-4.83583	4.38865
-4.82526	4.35181
-4.81469	4.31605
-4.80413	4.2816
-4.79356	4.24863
-4.78299	4.21738
-4.77242	4.18797
-4.76185	4.16055
-4.75128	4.13526
-4.74071	4.11221
-4.73014	4.09149
-4.71957	4.07318
-4.709	4.05728
-4.69844	4.04384
-4.68787	4.03284
-4.6773	4.02545
-4.66673	4.02163
-4.65616	4.02006
-4.64559	4.02082
-4.63502	4.02379
-4.62445	4.02855
-4.61388	4.03498
-4.60332	4.04285
-4.59275	4.05203
-4.58218	4.06225
-4.57161	4.07333
-4.56104	4.08505
-4.55047	4.09722
-4.5399	4.10963
-4.52933	4.12208
-4.51876	4.13499
-4.50819	4.14821
-4.49763	4.16096
-4.48706	4.17309
-4.47649	4.18449
-4.46592	4.19502
-4.45535	4.20685
-4.44478	4.21988
-4.43421	4.23185
-4.42364	4.24271
-4.41307	4.25242
-4.4025	4.26099
-4.39194	4.26845
-4.38137	4.27484
-4.3708	4.28024
-4.36023	4.28473
-4.34966	4.28844
-4.33909	4.29148
-4.32852	4.29402
-4.31795	4.29617
-4.30738	4.2981
-4.29682	4.30178
-4.28625	4.30738
-4.27568	4.31318
-4.26511	4.31932
-4.25454	4.32592
-4.24397	4.3331
-4.2334	4.34095
-4.22283	4.34957
-4.21226	4.35905
-4.20169	4.36944
-4.19113	4.3808
-4.18056	4.39317
-4.16999	4.40657
-4.15942	4.42098
-4.14885	4.43702
-4.13828	4.45467
-4.12771	4.47321
-4.11714	4.49263
-4.10657	4.51286
-4.096	4.53439
-4.08544	4.55715
-4.07487	4.58038
-4.0643	4.60398
-4.05373	4.62781
-4.04316	4.65238
-4.03259	4.67812
-4.02202	4.70432
-4.01145	4.73021
-4.00088	4.75564
-3.99032	4.7805
-3.97975	4.80523
-3.96918	4.82977
-3.95861	4.85337
-3.94804	4.87592
-3.93747	4.89794
-3.9269	4.91935
-3.91633	4.93947
-3.90576	4.95825
-3.89519	4.97566
-3.88463	4.99165
-3.87406	5.00622
-3.86349	5.02058
-3.85292	5.03475
-3.84235	5.04753
-3.83178	5.05894
-3.82121	5.06902
-3.81064	5.07782
-3.80007	5.08602
-3.7895	5.09368
-3.77894	5.10029
-3.76837	5.10589
-3.7578	5.11058
-3.74723	5.11449
-3.73666	5.11827
-3.72609	5.12202
-3.71552	5.12645
-3.70495	5.13162
-3.69438	5.13639
-3.68382	5.14082
-3.67325	5.14555
-3.66268	5.15065
-3.65211	5.15554
-3.64154	5.16027
-3.63097	5.16484
-3.6204	5.16929
-3.60983	5.1736
-3.59926	5.1778
-3.58869	5.18189
-3.57813	5.18587
-3.56756	5.18971
-3.55699	5.194
-3.54642	5.19873
-3.53585	5.20321
-3.52528	5.20748
-3.51471	5.21146
-3.50414	5.21574
-3.49357	5.22022
-3.483	5.22488
-3.47244	5.23006
-3.46187	5.23509
-3.4513	5.23972
-3.44073	5.24387
-3.43016	5.24732
-3.41959	5.2506
-3.40902	5.25427
-3.39845	5.25767
-3.38788	5.26018
-3.37732	5.26171
-3.36675	5.26293
-3.35618	5.2638
-3.34561	5.26369
-3.33504	5.26264
-3.32447	5.26066
-3.3139	5.2578
-3.30333	5.2541
-3.29276	5.24966
-3.28219	5.24456
-3.27163	5.23891
-3.26106	5.23284
-3.25049	5.2271
-3.23992	5.22183
-3.22935	5.21658
-3.21878	5.21277
-3.20821	5.21054
-3.19764	5.2089
-3.18707	5.20797
-3.1765	5.20796
-3.16594	5.20969
-3.15537	5.21376
-3.1448	5.21975
-3.13423	5.22739
-3.12366	5.23747
-3.11309	5.25016
-3.10252	5.26563
-3.09195	5.28395
-3.08138	5.30465
-3.07082	5.32779
-3.06025	5.35343
-3.04968	5.38163
-3.03911	5.4124
-3.02854	5.44572
-3.01797	5.48154
-3.0074	5.51982
-2.99683	5.56046
-2.98626	5.60334
-2.97569	5.64868
-2.96513	5.69633
-2.95456	5.74568
-2.94399	5.79667
-2.93342	5.84912
-2.92285	5.9031
-2.91228	5.95835
-2.90171	6.01394
-2.89114	6.06958
-2.88057	6.12493
-2.87	6.17972
-2.85944	6.23421
-2.84887	6.28812
-2.8383	6.34114
-2.82773	6.3942
-2.81716	6.44642
-2.80659	6.49632
-2.79602	6.54363
-2.78545	6.5886
-2.77488	6.631
-2.76432	6.6709
-2.75375	6.70814
-2.74318	6.74204
-2.73261	6.77256
-2.72204	6.8002
-2.71147	6.82501
-2.7009	6.84698
-2.69033	6.86615
-2.67976	6.8824
-2.66919	6.8958
-2.65863	6.90665
-2.64806	6.91508
-2.63749	6.9206
-2.62692	6.92395
-2.61635	6.92527
-2.60578	6.92409
-2.59521	6.92055
-2.58464	6.916
-2.57407	6.91058
-2.5635	6.90316
-2.55294	6.89386
-2.54237	6.88278
-2.5318	6.86998
-2.52123	6.85553
-2.51066	6.8401
-2.50009	6.8243
-2.48952	6.80755
-2.47895	6.78924
-2.46838	6.76934
-2.45782	6.74782
-2.44725	6.72459
-2.43668	6.69965
-2.42611	6.67291
-2.41554	6.64492
-2.40497	6.61621
-2.3944	6.58712
-2.38383	6.55692
-2.37326	6.52452
-2.36269	6.49023
-2.35213	6.45399
-2.34156	6.41533
-2.33099	6.37418
-2.32042	6.33055
-2.30985	6.28447
-2.29928	6.23586
-2.28871	6.18485
-2.27814	6.13271
-2.26757	6.07951
-2.257	6.02418
-2.24644	5.96682
-2.23587	5.90824
-2.2253	5.84983
-2.21473	5.79119
-2.20416	5.73129
-2.19359	5.67043
-2.18302	5.60941
-2.17245	5.54854
-2.16188	5.48746
-2.15132	5.42648
-2.14075	5.36589
-2.13018	5.30602
-2.11961	5.24717
-2.10904	5.18963
-2.09847	5.13375
-2.0879	5.07978
-2.07733	5.02863
-2.06676	4.98119
-2.05619	4.93706
-2.04563	4.89589
-2.03506	4.85786
-2.02449	4.82313
-2.01392	4.79244
-2.00335	4.76591
-1.99278	4.74304
-1.98221	4.72385
-1.97164	4.70837
-1.96107	4.69659
-1.9505	4.6885
-1.93994	4.68402
-1.92937	4.6831
-1.9188	4.6856
-1.90823	4.69142
-1.89766	4.70105
-1.88709	4.71431
-1.87652	4.73041
-1.86595	4.74917
-1.85538	4.7704
-1.84482	4.79389
-1.83425	4.81946
-1.82368	4.8469
-1.81311	4.87723
-1.80254	4.91023
-1.79197	4.94512
-1.7814	4.98166
-1.77083	5.01913
-1.76026	5.05725
-1.74969	5.09589
-1.73913	5.13489
-1.72856	5.17411
-1.71799	5.21464
-1.70742	5.25632
-1.69685	5.29785
-1.68628	5.33909
-1.67571	5.37995
-1.66514	5.42092
-1.65457	5.46196
-1.644	5.50233
-1.63344	5.54196
-1.62287	5.58076
-1.6123	5.61867
-1.60173	5.65558
-1.59116	5.69201
-1.58059	5.72809
-1.57002	5.76311
-1.55945	5.79695
-1.54888	5.82967
-1.53832	5.86155
-1.52775	5.89224
-1.51718	5.92096
-1.50661	5.94753
-1.49604	5.97177
-1.48547	5.99349
-1.4749	6.01371
-1.46433	6.03223
-1.45376	6.04758
-1.44319	6.05953
-1.43263	6.06788
-1.42206	6.07239
-1.41149	6.07284
-1.40092	6.06901
-1.39035	6.06254
-1.37978	6.05323
-1.36921	6.03906
-1.35864	6.01985
-1.34807	5.9955
-1.3375	5.96587
-1.32694	5.93087
-1.31637	5.89043
-1.3058	5.84453
-1.29523	5.79324
-1.28466	5.73659
-1.27409	5.67588
-1.26352	5.61185
-1.25295	5.54406
-1.24238	5.47209
-1.23182	5.39553
-1.22125	5.31466
-1.21068	5.23036
-1.20011	5.14337
-1.18954	5.05343
-1.17897	4.96111
-1.1684	4.8668
-1.15783	4.77031
-1.14726	4.67207
-1.13669	4.57254
-1.12613	4.47217
-1.11556	4.37202
-1.10499	4.27255
-1.09442	4.17361
-1.08385	4.07565
-1.07328	3.97911
-1.06271	3.88442
-1.05214	3.79197
-1.04157	3.70215
-1.031	3.61533
-1.02044	3.53224
-1.00987	3.45319
-0.9993	3.37805
-0.98873	3.30705
-0.97816	3.24038
-0.96759	3.17824
-0.95702	3.12075
-0.94645	3.06801
-0.93588	3.0201
-0.92532	2.97703
-0.91475	2.93882
-0.90418	2.90542
-0.89361	2.87677
-0.88304	2.8528
-0.87247	2.83337
-0.8619	2.81834
-0.85133	2.80875
-0.84076	2.80438
-0.83019	2.80379
-0.81963	2.80672
-0.80906	2.81288
-0.79849	2.82196
-0.78792	2.83371
-0.77735	2.84776
-0.76678	2.86382
-0.75621	2.88149
-0.74564	2.90044
-0.73507	2.92034
-0.7245	2.94082
-0.71394	2.96152
-0.70337	2.98207
-0.6928	3.00275
-0.68223	3.02318
-0.67166	3.04241
-0.66109	3.06011
-0.65052	3.07635
-0.63995	3.09081
-0.62938	3.10278
-0.61882	3.11198
-0.60825	3.11817
-0.59768	3.1211
-0.58711	3.12055
-0.57654	3.11636
-0.56597	3.10839
-0.5554	3.09709
-0.54483	3.08305
-0.53426	3.06557
-0.52369	3.04403
-0.51313	3.01863
-0.50256	2.99004
-0.49199	2.95813
-0.48142	2.92241
-0.47085	2.883
-0.46028	2.84014
-0.44971	2.79401
-0.43914	2.74489
-0.42857	2.69301
-0.418	2.6393
-0.40744	2.58468
-0.39687	2.52889
-0.3863	2.47164
-0.37573	2.41331
-0.36516	2.35423
-0.35459	2.29476
-0.34402	2.23531
-0.33345	2.1762
-0.32288	2.11783
-0.31232	2.0605
-0.30175	2.00456
-0.29118	1.9503
-0.28061	1.89803
-0.27004	1.84802
-0.25947	1.8005
-0.2489	1.7557
-0.23833	1.71381
-0.22776	1.67494
-0.21719	1.63923
-0.20663	1.60677
-0.19606	1.57762
-0.18549	1.5518
-0.17492	1.52928
-0.16435	1.51004
-0.15378	1.49399
-0.14321	1.48105
-0.13264	1.47107
-0.12207	1.46389
-0.1115	1.45935
-0.10094	1.45724
-0.09037	1.45737
-0.0798	1.46009
-0.06923	1.46517
-0.05866	1.47175
-0.04809	1.47956
-0.03752	1.48833
-0.02695	1.4978
-0.01638	1.50772
-0.00582	1.51784
0.00475	1.52791
0.01532	1.5377
0.02589	1.54702
0.03646	1.55567
0.04703	1.56348
0.0576	1.57031
0.06817	1.57601
0.07874	1.58055
0.08931	1.58382
0.09987	1.58618
0.11044	1.58762
0.12101	1.58775
0.13158	1.5866
0.14215	1.58423
0.15272	1.58196
0.16329	1.57987
0.17386	1.57689
0.18443	1.57314
0.195	1.56878
0.20556	1.564
0.21613	1.55895
0.2267	1.55384
0.23727	1.54889
0.24784	1.54431
0.25841	1.54032
0.26898	1.5371
0.27955	1.53488
0.29012	1.53387
0.30068	1.53423
0.31125	1.53617
0.32182	1.53983
0.33239	1.54537
0.34296	1.5529
0.35353	1.56255
0.3641	1.57435
0.37467	1.5884
0.38524	1.60472
0.39581	1.62331
0.40637	1.64414
0.41694	1.66717
0.42751	1.69233
0.43808	1.71954
0.44865	1.74867
0.45922	1.77958
0.46979	1.81213
0.48036	1.84674
0.49093	1.88323
0.5015	1.92078
0.51206	1.95919
0.52263	1.99827
0.5332	2.03778
0.54377	2.07772
0.55434	2.11789
0.56491	2.15788
0.57548	2.1975
0.58605	2.23658
0.59662	2.27499
0.60718	2.31263
0.61775	2.34933
0.62832	2.38503
0.63889	2.41969
0.64946	2.45324
0.66003	2.48571
0.6706	2.51772
0.68117	2.54994
0.69174	2.58181
0.70231	2.61282
0.71287	2.64307
0.72344	2.67329
0.73401	2.70363
0.74458	2.73363
0.75515	2.76346
0.76572	2.79328
0.77629	2.8239
0.78686	2.85549
0.79743	2.88764
0.808	2.92049
0.81856	2.95422
0.82913	2.98899
0.8397	3.02493
0.85027	3.0622
0.86084	3.10088
0.87141	3.14109
0.88198	3.18289
0.89255	3.22633
0.90312	3.27144
0.91368	3.31825
0.92425	3.36672
0.93482	3.41683
0.94539	3.46853
0.95596	3.52176
0.96653	3.57642
0.9771	3.63243
0.98767	3.68991
0.99824	3.74911
1.00881	3.81034
1.01937	3.87306
1.02994	3.93654
1.04051	4.00067
1.05108	4.06532
1.06165	4.13039
1.07222	4.19576
1.08279	4.26142
1.09336	4.32788
1.10393	4.3951
1.1145	4.46263
1.12506	4.53125
1.13563	4.60075
1.1462	4.67031
1.15677	4.73992
1.16734	4.80959
1.17791	4.88054
1.18848	4.95277
1.19905	5.02506
1.20962	5.09737
1.22018	5.1697
1.23075	5.24196
1.24132	5.3141
1.25189	5.38604
1.26246	5.45765
1.27303	5.52939
1.2836	5.6011
1.29417	5.67254
1.30474	5.74347
1.31531	5.81298
1.32587	5.88073
1.33644	5.94637
1.34701	6.00951
1.35758	6.06975
1.36815	6.12686
1.37872	6.18036
1.38929	6.23021
1.39986	6.27591
1.41043	6.31645
1.421	6.3513
1.43156	6.38001
1.44213	6.40216
1.4527	6.41736
1.46327	6.42524
1.47384	6.42611
1.48441	6.42009
1.49498	6.40637
1.50555	6.38436
1.51612	6.35397
1.52668	6.31761
1.53725	6.27588
1.54782	6.22705
1.55839	6.17184
1.56896	6.10984
1.57953	6.0401
1.5901	5.96292
1.60067	5.8787
1.61124	5.7879
1.62181	5.69163
1.63237	5.59047
1.64294	5.48437
1.65351	5.37401
1.66408	5.26006
1.67465	5.14323
1.68522	5.02425
1.69579	4.90386
1.70636	4.78283
1.71693	4.66248
1.7275	4.54357
1.73806	4.42619
1.74863	4.31104
1.7592	4.1988
1.76977	4.0901
1.78034	3.98555
1.79091	3.8857
1.80148	3.79108
1.81205	3.70216
1.82262	3.61938
1.83318	3.54372
1.84375	3.4755
1.85432	3.41439
1.86489	3.36059
1.87546	3.31427
1.88603	3.27555
1.8966	3.24449
1.90717	3.22171
1.91774	3.20717
1.92831	3.20019
1.93887	3.20064
1.94944	3.20833
1.96001	3.22308
1.97058	3.24461
1.98115	3.27265
1.99172	3.30686
2.00229	3.34691
2.01286	3.39241
2.02343	3.44298
2.034	3.49818
2.04456	3.55756
2.05513	3.62069
2.0657	3.68708
2.07627	3.75625
2.08684	3.82768
2.09741	3.90088
2.10798	3.97538
2.11855	4.05126
2.12912	4.12802
2.13968	4.20576
2.15025	4.28398
2.16082	4.36096
2.17139	4.43624
2.18196	4.50933
2.19253	4.57979
2.2031	4.64721
2.21367	4.71118
2.22424	4.77197
2.23481	4.82921
2.24537	4.88199
2.25594	4.93002
2.26651	4.97306
2.27708	5.0109
2.28765	5.04456
2.29822	5.07391
2.30879	5.09758
2.31936	5.11552
2.32993	5.12887
2.3405	5.1382
2.35106	5.14229
2.36163	5.14056
2.3722	5.13305
2.38277	5.11984
2.39334	5.10104
2.40391	5.07682
2.41448	5.04774
2.42505	5.01397
2.43562	4.97534
2.44618	4.93243
2.45675	4.88559
2.46732	4.83464
2.47789	4.77983
2.48846	4.7215
2.49903	4.65992
2.5096	4.59583
2.52017	4.53012
2.53074	4.46271
2.54131	4.39329
2.55187	4.32339
2.56244	4.25329
2.57301	4.18205
2.58358	4.10992
2.59415	4.03715
2.60472	3.964
2.61529	3.89067
2.62586	3.81797
2.63643	3.74609
2.647	3.6746
2.65756	3.60362
2.66813	3.53328
2.6787	3.46369
2.68927	3.39492
2.69984	3.32704
2.71041	3.2601
2.72098	3.19412
2.73155	3.12912
2.74212	3.0651
2.75268	3.00205
2.76325	2.93995
2.77382	2.87919
2.78439	2.81971
2.79496	2.76109
2.80553	2.70328
2.8161	2.64624
2.82667	2.58994
2.83724	2.53437
2.84781	2.47952
2.85837	2.42538
2.86894	2.37198
2.87951	2.31994
2.89008	2.26991
2.90065	2.22195
2.91122	2.1755
2.92179	2.13001
2.93236	2.08557
2.94293	2.04228
2.9535	2.00022
2.96406	1.95954
2.97463	1.92034
2.9852	1.88276
2.99577	1.84694
3.00634	1.81301
3.01691	1.7811
3.02748	1.75134
3.03805	1.72382
3.04862	1.69869
3.05918	1.67599
3.06975	1.65583
3.08032	1.63824
3.09089	1.62324
3.10146	1.61082
3.11203	1.60097
3.1226	1.59362
3.13317	1.5887
3.14374	1.58607
3.15431	1.58564
3.16487	1.58721
3.17544	1.59061
3.18601	1.59561
3.19658	1.602
3.20715	1.60949
3.21772	1.61787
3.22829	1.62685
3.23886	1.63612
3.24943	1.64539
3.25999	1.65461
3.27056	1.66348
3.28113	1.6715
3.2917	1.6784
3.30227	1.68392
3.31284	1.68782
3.32341	1.69027
3.33398	1.69167
3.34455	1.69143
3.35512	1.68877
3.36568	1.68354
3.37625	1.67563
3.38682	1.66557
3.39739	1.65328
3.40796	1.63813
3.41853	1.62012
3.4291	1.59925
3.43967	1.57558
3.45024	1.5492
3.46081	1.5202
3.47137	1.48869
3.48194	1.45487
3.49251	1.41887
3.50308	1.38088
3.51365	1.34109
3.52422	1.30033
3.53479	1.25881
3.54536	1.21613
3.55593	1.17254
3.56649	1.12824
3.57706	1.08346
3.58763	1.03843
3.5982	0.99336
3.60877	0.94846
3.61934	0.90395
3.62991	0.86002
3.64048	0.81686
3.65105	0.77464
3.66162	0.73355
3.67218	0.69372
3.68275	0.6553
3.69332	0.61842
3.70389	0.58321
3.71446	0.54975
3.72503	0.51814
3.7356	0.48846
3.74617	0.46076
3.75674	0.43511
3.76731	0.41154
3.77787	0.39007
3.78844	0.37072
3.79901	0.35348
3.80958	0.33837
3.82015	0.32536
3.83072	0.31445
3.84129	0.30558
3.85186	0.29872
3.86243	0.29382
3.87299	0.29082
3.88356	0.28967
3.89413	0.29028
3.9047	0.29259
3.91527	0.29652
3.92584	0.30198
3.93641	0.30889
3.94698	0.31714
3.95755	0.32665
3.96812	0.33732
3.97868	0.34903
3.98925	0.36169
3.99982	0.37519
4.01039	0.38941
4.02096	0.40426
4.03153	0.41959
4.0421	0.43532
4.05267	0.45132
4.06324	0.46748
4.07381	0.4837
4.08437	0.49987
4.09494	0.51587
4.10551	0.53162
4.11608	0.54699
4.12665	0.56192
4.13722	0.57629
4.14779	0.59045
4.15836	0.6043
4.16893	0.61737
4.17949	0.62958
4.19006	0.64089
4.20063	0.65125
4.2112	0.66062
4.22177	0.66896
4.23234	0.67628
4.24291	0.68256
4.25348	0.68781
4.26405	0.69208
4.27462	0.69538
4.28518	0.69778
4.29575	0.69932
4.30632	0.70008
4.31689	0.70017
4.32746	0.69968
4.33803	0.69932
4.3486	0.69922
4.35917	0.69888
4.36974	0.69843
4.38031	0.69803
4.39087	0.6978
4.40144	0.6979
4.41201	0.69848
4.42258	0.6997
4.43315	0.70171
4.44372	0.70464
4.45429	0.70869
4.46486	0.71398
4.47543	0.72063
4.48599	0.72879
4.49656	0.73856
4.50713	0.75006
4.5177	0.76337
4.52827	0.77856
4.53884	0.7957
4.54941	0.8148
4.55998	0.83591
4.57055	0.85899
4.58112	0.88404
4.59168	0.91099
4.60225	0.93977
4.61282	0.97028
4.62339	1.0024
4.63396	1.03599
4.64453	1.07088
4.6551	1.10687
4.66567	1.14378
4.67624	1.18136
4.68681	1.21958
4.69737	1.25818
4.70794	1.29669
4.71851	1.33484
4.72908	1.37234
4.73965	1.40891
4.75022	1.44425
4.76079	1.47809
4.77136	1.51016
4.78193	1.54019
4.79249	1.56798
4.80306	1.59362
4.81363	1.61694
4.8242	1.63733
4.83477	1.65463
4.84534	1.66869
4.85591	1.67941
4.86648	1.6867
4.87705	1.69052
4.88762	1.69146
4.89818	1.68954
4.90875	1.68418
4.91932	1.67608
4.92989	1.66533
4.94046	1.65206
4.95103	1.63644
4.9616	1.61801
4.97217	1.597
4.98274	1.57361
4.99331	1.54809
5.00387	1.52069
5.01444	1.49168
5.02501	1.46135
5.03558	1.43
5.04615	1.39788
5.05672	1.36529
5.06729	1.33251
5.07786	1.29983
5.08843	1.26751
5.09899	1.2358
5.10956	1.20494
5.12013	1.17515
5.1307	1.14663
5.14127	1.11956
5.15184	1.09412
5.16241	1.07042
5.17298	1.04859
5.18355	1.02874
5.19412	1.01094
5.20468	0.99524
5.21525	0.98168
5.22582	0.9703
5.23639	0.96108
5.24696	0.95403
5.25753	0.94912
5.2681	0.94633
5.27867	0.94561
5.28924	0.94692
5.29981	0.9502
5.31037	0.95541
5.32094	0.96266
5.33151	0.97191
5.34208	0.98287
5.35265	0.99549
5.36322	1.00969
5.37379	1.02541
5.38436	1.04317
5.39493	1.0629
5.40549	1.08392
5.41606	1.10613
5.42663	1.12947
5.4372	1.15382
5.44777	1.17912
5.45834	1.20525
5.46891	1.23213
5.47948	1.25964
5.49005	1.28768
5.50062	1.31613
5.51118	1.34487
5.52175	1.37377
5.53232	1.40271
5.54289	1.43155
5.55346	1.46015
5.56403	1.48837
5.5746	1.51607
5.58517	1.5431
5.59574	1.56931
5.60631	1.59458
5.61687	1.61876
5.62744	1.64172
5.63801	1.66335
5.64858	1.68354
5.65915	1.70217
5.66972	1.71916
5.68029	1.73443
5.69086	1.74793
5.70143	1.75963
5.71199	1.77126
5.72256	1.78282
5.73313	1.79246
5.7437	1.80017
5.75427	1.80595
5.76484	1.8098
5.77541	1.81177
5.78598	1.81189
5.79655	1.81021
5.80712	1.80681
5.81768	1.80176
5.82825	1.79516
5.83882	1.78706
5.84939	1.77759
5.85996	1.76683
5.87053	1.75489
5.8811	1.74185
5.89167	1.72782
5.90224	1.71288
5.91281	1.69711
5.92337	1.68061
5.93394	1.66344
5.94451	1.64568
5.95508	1.62799
5.96565	1.61042
5.97622	1.5924
5.98679	1.57397
5.99736	1.55515
6.00793	1.53597
6.01849	1.51644
6.02906	1.49659
6.03963	1.47641
6.0502	1.45594
6.06077	1.43518
6.07134	1.41476
6.08191	1.3947
6.09248	1.3744
6.10305	1.35388
6.11362	1.33317
6.12418	1.31231
6.13475	1.29132
6.14532	1.27027
6.15589	1.24921
6.16646	1.22819
6.17703	1.20729
6.1876	1.1866
6.19817	1.16618
6.20874	1.14613
6.21931	1.12655
6.22987	1.10812
6.24044	1.09094
6.25101	1.07452
6.26158	1.0589
6.27215	1.04417
6.28272	1.03041
6.29329	1.01769
6.30386	1.00605
6.31443	0.99558
6.32499	0.98629
6.33556	0.97821
6.34613	0.97137
6.3567	0.96575
6.36727	0.96132
6.37784	0.95807
6.38841	0.95595
6.39898	0.95488
6.40955	0.95479
6.42012	0.95559
6.43068	0.95717
6.44125	0.9594
6.45182	0.96216
6.46239	0.96529
6.47296	0.96866
6.48353	0.9721
6.4941	0.97546
6.50467	0.97858
6.51524	0.9813
6.52581	0.98346
6.53637	0.98492
6.54694	0.98554
6.55751	0.98519
6.56808	0.98375
6.57865	0.98113
6.58922	0.97724
6.59979	0.97203
6.61036	0.96544
6.62093	0.95867
6.63149	0.95166
6.64206	0.94328
6.65263	0.9335
6.6632	0.92238
6.67377	0.90998
6.68434	0.89638
6.69491	0.8817
6.70548	0.86604
6.71605	0.84955
6.72662	0.83238
6.73718	0.81471
6.74775	0.7967
6.75832	0.77855
6.76889	0.76044
6.77946	0.74258
6.79003	0.72514
6.8006	0.70832
6.81117	0.69232
6.82174	0.6773
6.83231	0.66343
6.84287	0.65089
6.85344	0.6398
6.86401	0.6303
6.87458	0.62249
6.88515	0.61649
6.89572	0.61235
6.90629	0.61014
6.91686	0.60989
6.92743	0.61162
6.93799	0.61532
6.94856	0.62095
6.95913	0.62848
6.9697	0.63786
6.98027	0.64898
6.99084	0.66176
7.00141	0.6761
7.01198	0.69187
7.02255	0.70893
7.03312	0.72715
7.04368	0.74637
7.05425	0.76643
7.06482	0.78719
7.07539	0.80848
7.08596	0.83015
7.09653	0.85205
7.1071	0.87402
7.11767	0.89594
7.12824	0.91766
7.13881	0.93907
7.14937	0.96005
7.15994	0.98052
7.17051	1.00099
7.18108	1.02139
7.19165	1.04104
7.20222	1.05989
7.21279	1.07791
7.22336	1.09507
7.23393	1.11137
7.24449	1.1268
7.25506	1.14137
7.26563	1.15572
7.2762	1.16988
7.28677	1.18328
7.29734	1.19595
7.30791	1.20795
7.31848	1.21931
7.32905	1.23009
7.33962	1.24035
7.35018	1.25013
7.36075	1.25948
7.37132	1.26846
7.38189	1.2771
7.39246	1.28545
7.40303	1.29354
7.4136	1.30139
7.42417	1.30903
7.43474	1.31646
7.44531	1.32369
7.45587	1.33073
7.46644	1.33756
7.47701	1.34416
7.48758	1.35051
7.49815	1.35659
7.50872	1.36236
7.51929	1.36839
7.52986	1.37463
7.54043	1.3804
7.55099	1.3857
7.56156	1.39043
7.57213	1.39453
7.5827	1.39795
7.59327	1.40065
7.60384	1.40255
7.61441	1.40422
7.62498	1.4056
7.63555	1.40605
7.64612	1.40551
7.65668	1.40396
7.66725	1.40134
7.67782	1.39765
7.68839	1.39287
7.69896	1.38698
7.70953	1.37998
7.7201	1.37189
7.73067	1.36271
7.74124	1.35247
7.75181	1.34121
7.76237	1.32896
7.77294	1.31578
7.78351	1.30173
7.79408	1.28725
7.80465	1.27242
7.81522	1.25691
7.82579	1.24079
7.83636	1.22413
7.84693	1.20764
7.85749	1.19138
7.86806	1.17483
7.87863	1.15808
7.8892	1.14121
7.89977	1.12431
7.91034	1.10745
7.92091	1.09074
7.93148	1.07429
7.94205	1.05812
7.95262	1.04236
7.96318	1.02709
7.97375	1.01239
7.98432	0.99834
7.99489	0.98502
8.00546	0.97251
8.01603	0.96089
8.0266	0.95022
8.03717	0.9406
8.04774	0.93205
8.05831	0.92467
8.06887	0.91851
8.07944	0.91363
8.09001	0.91008
8.10058	0.90794
8.11115	0.90725
8.12172	0.90805
8.13229	0.9104
8.14286	0.91433
8.15343	0.9205
8.16399	0.92893
8.17456	0.93904
8.18513	0.95083
8.1957	0.96434
8.20627	0.97955
8.21684	0.99647
8.22741	1.01508
8.23798	1.03538
8.24855	1.05733
8.25912	1.0809
8.26968	1.10605
8.28025	1.13273
8.29082	1.16087
8.30139	1.19041
8.31196	1.22127
8.32253	1.25334
8.3331	1.28655
8.34367	1.32077
8.35424	1.35589
8.36481	1.39178
8.37537	1.42832
8.38594	1.46537
8.39651	1.50278
8.40708	1.54042
8.41765	1.57813
8.42822	1.61577
8.43879	1.65318
8.44936	1.69024
8.45993	1.72678
8.47049	1.76328
8.48106	1.7996
8.49163	1.83498
8.5022	1.8693
8.51277	1.90303
8.52334	1.93606
8.53391	1.96764
8.54448	1.99769
8.55505	2.02608
8.56562	2.05274
8.57618	2.07757
8.58675	2.10049
8.59732	2.12143
8.60789	2.14095
8.61846	2.15897
8.62903	2.17484
8.6396	2.1885
8.65017	2.19993
8.66074	2.20904
8.67131	2.21582
8.68187	2.22023
8.69244	2.22224
8.70301	2.22244
8.71358	2.22077
8.72415	2.21663
8.73472	2.20998
8.74529	2.2008
8.75586	2.18907
8.76643	2.17476
8.77699	2.15791
8.78756	2.1385
8.79813	2.11653
8.8087	2.09204
8.81927	2.06504
8.82984	2.03558
8.84041	2.00371
8.85098	1.9707
8.86155	1.93661
8.87212	1.90031
8.88268	1.86187
8.89325	1.82138
8.90382	1.77895
8.91439	1.7347
8.92496	1.68877
8.93553	1.64131
8.9461	1.59246
8.95667	1.54301
8.96724	1.49313
8.97781	1.4424
8.98837	1.39099
8.99894	1.33911
9.00951	1.28697
9.02008	1.23474
9.03065	1.18264
9.04122	1.13085
9.05179	1.07959
9.06236	1.02905
9.07293	0.97942
9.08349	0.9309
9.09406	0.88365
9.10463	0.83785
9.1152	0.79365
9.12577	0.75119
9.13634	0.71061
9.14691	0.67204
9.15748	0.63556
9.16805	0.60128
9.17862	0.56927
9.18918	0.5396
9.19975	0.51229
9.21032	0.4874
9.22089	0.46493
9.23146	0.44488
9.24203	0.42725
9.2526	0.412
9.26317	0.39909
9.27374	0.38849
9.28431	0.38012
9.29487	0.37392
9.30544	0.3698
9.31601	0.36769
9.32658	0.36748
9.33715	0.36908
9.34772	0.37238
9.35829	0.37728
9.36886	0.38368
9.37943	0.39148
9.38999	0.40053
9.40056	0.41077
9.41113	0.42208
9.4217	0.43437
9.43227	0.44753
9.44284	0.46151
9.45341	0.4762
9.46398	0.49155
9.47455	0.50748
9.48512	0.52396
9.49568	0.54092
9.50625	0.55833
9.51682	0.57619
9.52739	0.59443
9.53796	0.61308
9.54853	0.63213
9.5591	0.65156
9.56967	0.672
9.58024	0.69346
9.59081	0.71532
9.60137	0.7376
9.61194	0.76029
9.62251	0.78339
9.63308	0.80693
9.64365	0.83089
9.65422	0.85526
9.66479	0.88002
9.67536	0.90516
9.68593	0.93064
9.69649	0.95643
9.70706	0.98247
9.71763	1.00871
9.7282	1.03508
9.73877	1.06151
9.74934	1.08791
9.75991	1.11418
9.77048	1.14021
9.78105	1.16593
9.79162	1.19122
9.80218	1.21597
9.81275	1.24006
9.82332	1.26338
9.83389	1.28585
9.84446	1.30734
9.85503	1.32778
9.8656	1.34708
9.87617	1.36517
9.88674	1.38201
9.89731	1.39755
9.90787	1.41176
9.91844	1.42463
9.92901	1.43678
9.93958	1.44862
9.95015	1.46018
9.96072	1.47109
9.97129	1.48079
9.98186	1.48932
9.99243	1.49675
10.00299	1.50317
10.01356	1.50865
10.02413	1.51329
10.0347	1.51718
10.04527	1.52043
10.05584	1.52313
10.06641	1.52537
10.07698	1.52726
10.08755	1.52886
10.09812	1.53025
10.10868	1.53149
10.11925	1.53263
10.12982	1.53372
10.14039	1.53477
10.15096	1.53579
10.16153	1.53678
10.1721	1.53773
10.18267	1.53858
10.19324	1.53931
10.20381	1.53985
10.21437	1.54015
10.22494	1.54012
10.23551	1.53968
10.24608	1.53877
10.25665	1.53729
10.26722	1.53515
10.27779	1.5323
10.28836	1.52864
10.29893	1.52532
10.30949	1.52229
10.32006	1.51825
10.33063	1.51316
10.3412	1.50698
10.35177	1.49967
10.36234	1.49125
10.37291	1.4817
10.38348	1.47105
10.39405	1.45933
10.40462	1.44661
10.41518	1.43294
10.42575	1.4184
10.43632	1.4037
10.44689	1.38893
10.45746	1.37357
10.46803	1.35775
10.4786	1.34156
10.48917	1.32511
10.49974	1.30853
10.51031	1.29194
10.52087	1.27543
10.53144	1.25911
10.54201	1.24308
10.55258	1.22744
10.56315	1.21227
10.57372	1.19766
10.58429	1.18366
10.59486	1.17033
10.60543	1.15773
10.61599	1.14589
10.62656	1.13483
10.63713	1.12458
10.6477	1.11513
10.65827	1.10669
10.66884	1.09923
10.67941	1.09254
10.68998	1.08659
10.70055	1.08133
10.71112	1.07673
10.72168	1.07273
10.73225	1.06928
10.74282	1.06634
10.75339	1.06445
10.76396	1.06355
10.77453	1.06298
10.7851	1.06266
10.79567	1.06253
10.80624	1.06254
10.81681	1.06262
10.82737	1.06274
10.83794	1.06283
10.84851	1.06284
10.85908	1.06276
10.86965	1.06255
10.88022	1.06219
10.89079	1.06165
10.90136	1.06092
10.91193	1.05999
10.92249	1.05886
10.93306	1.05754
10.94363	1.05603
10.9542	1.05434
10.96477	1.0525
10.97534	1.05052
10.98591	1.04844
10.99648	1.04708
11.00705	1.04645
11.01762	1.04578
11.02818	1.04508
11.03875	1.04435
11.04932	1.04362
11.05989	1.0429
11.07046	1.04218
11.08103	1.04149
11.0916	1.04081
11.10217	1.04015
11.11274	1.0395
11.12331	1.03885
11.13387	1.03818
11.14444	1.03746
11.15501	1.03666
11.16558	1.03575
11.17615	1.03469
11.18672	1.03343
11.19729	1.03193
11.20786	1.03013
11.21843	1.02795
11.22899	1.02537
11.23956	1.02232
11.25013	1.01874
11.2607	1.01455
11.27127	1.00973
11.28184	1.0048
11.29241	0.99969
11.30298	0.99378
11.31355	0.98699
11.32412	0.9793
11.33468	0.97067
11.34525	0.96109
11.35582	0.95053
11.36639	0.93902
11.37696	0.92656
11.38753	0.91318
11.3981	0.89892
11.40867	0.88384
11.41924	0.86799
11.42981	0.85207
11.44037	0.83615
11.45094	0.81973
11.46151	0.8029
11.47208	0.78577
11.48265	0.76847
11.49322	0.7511
11.50379	0.73382
11.51436	0.71675
11.52493	0.70002
11.53549	0.68379
11.54606	0.66821
11.55663	0.65338
11.5672	0.63946
11.57777	0.62657
11.58834	0.61486
11.59891	0.60443
11.60948	0.59542
11.62005	0.58791
11.63062	0.58202
11.64118	0.57784
11.65175	0.57543
11.66232	0.57488
11.67289	0.57623
11.68346	0.57956
11.69403	0.58489
11.7046	0.59225
11.71517	0.60166
11.72574	0.61312
11.7363	0.62665
11.74687	0.64223
11.75744	0.65985
11.76801	0.67947
11.77858	0.70106
11.78915	0.72457
11.79972	0.74997
11.81029	0.77719
11.82086	0.80616
11.83143	0.83683
11.84199	0.86911
11.85256	0.90293
11.86313	0.93818
11.8737	0.97478
11.88427	1.01262
11.89484	1.05162
11.90541	1.09223
11.91598	1.13433
11.92655	1.17722
11.93712	1.22072
11.94768	1.2647
11.95825	1.309
11.96882	1.35347
11.97939	1.39795
11.98996	1.44228
12.00053	1.48629
12.0111	1.52983
12.02167	1.57272
12.03224	1.61481
12.0428	1.65594
12.05337	1.69596
12.06394	1.73471
12.07451	1.77205
12.08508	1.80786
12.09565	1.84199
12.10622	1.87436
12.11679	1.90483
12.12736	1.93354
12.13793	1.9604
12.14849	1.98515
12.15906	2.00772
12.16963	2.02871
12.1802	2.04806
12.19077	2.06576
12.20134	2.0824
12.21191	2.09739
12.22248	2.11012
12.23305	2.1206
12.24362	2.12886
12.25418	2.13494
12.26475	2.13889
12.27532	2.14076
12.28589	2.14064
12.29646	2.13859
12.30703	2.1347
12.3176	2.12905
12.32817	2.12173
12.33874	2.11283
12.3493	2.10244
12.35987	2.09068
12.37044	2.07762
12.38101	2.06335
12.39158	2.04798
12.40215	2.03157
12.41272	2.01423
12.42329	1.99622
12.43386	1.97765
12.44443	1.95835
12.45499	1.93839
12.46556	1.91907
12.47613	1.90041
12.4867	1.88125
12.49727	1.86162
12.50784	1.84154
12.51841	1.82106
12.52898	1.80018
12.53955	1.77892
12.55012	1.75732
12.56068	1.73539
12.57125	1.71316
12.58182	1.69065
12.59239	1.66789
12.60296	1.64491
12.61353	1.62172
12.6241	1.59835
12.63467	1.57483
12.64524	1.55119
12.6558	1.52746
12.66637	1.50368
12.67694	1.48049
12.68751	1.45791
12.69808	1.43539
12.70865	1.41293
12.71922	1.39059
12.72979	1.36839
12.74036	1.34639
12.75093	1.32461
12.76149	1.3031
12.77206	1.28192
12.78263	1.26111
12.7932	1.24072
12.80377	1.22082
12.81434	1.20207
12.82491	1.18451
12.83548	1.16762
12.84605	1.15143
12.85662	1.13601
12.86718	1.12141
12.87775	1.1077
12.88832	1.09493
12.89889	1.08317
12.90946	1.07249
12.92003	1.06294
12.9306	1.0546
12.94117	1.04752
12.95174	1.04176
12.9623	1.03739
12.97287	1.03447
12.98344	1.03306
12.99401	1.03319
13.00458	1.03493
13.01515	1.03832
13.02572	1.04339
13.03629	1.05018
13.04686	1.05871
13.05743	1.069
13.06799	1.08106
13.07856	1.09488
13.08913	1.11104
13.0997	1.12954
13.11027	1.1497
13.12084	1.17147
13.13141	1.19479
13.14198	1.21955
13.15255	1.24564
13.16312	1.27295
13.17368	1.30134
13.18425	1.33065
13.19482	1.36073
13.20539	1.39139
13.21596	1.42244
13.22653	1.45367
13.2371	1.48485
13.24767	1.51577
13.25824	1.54617
13.2688	1.57583
13.27937	1.60448
13.28994	1.63187
13.30051	1.65776
13.31108	1.68189
13.32165	1.70402
13.33222	1.72391
13.34279	1.74134
13.35336	1.75671
13.36393	1.76981
13.37449	1.77985
13.38506	1.78664
13.39563	1.7901
13.4062	1.79007
13.41677	1.78648
13.42734	1.77925
13.43791	1.76956
13.44848	1.75742
13.45905	1.7416
13.46962	1.72216
13.48018	1.69915
13.49075	1.67268
13.50132	1.64288
13.51189	1.60988
13.52246	1.57448
13.53303	1.53687
13.5436	1.49666
13.55417	1.45406
13.56474	1.40932
13.5753	1.3627
13.58587	1.31444
13.59644	1.26482
13.60701	1.21413
13.61758	1.16262
13.62815	1.11057
13.63872	1.05823
13.64929	1.00586
13.65986	0.95372
13.67043	0.90202
13.68099	0.851
13.69156	0.80085
13.70213	0.75177
13.7127	0.70392
13.72327	0.65745
13.73384	0.61249
13.74441	0.56917
13.75498	0.52757
13.76555	0.48777
13.77612	0.44982
13.78668	0.41377
13.79725	0.37963
13.80782	0.34742
13.81839	0.31713
13.82896	0.28874
13.83953	0.26221
13.8501	0.23751
13.86067	0.21458
13.87124	0.19337
13.8818	0.1738
13.89237	0.15581
13.90294	0.13933
13.91351	0.12426
13.92408	0.11054
13.93465	0.09808
13.94522	0.0868
13.95579	0.07661
13.96636	0.06745
13.97693	0.05923
13.98749	0.05188
13.99806	0.04532
14.00863	0.03948
14.0192	0.03432
14.02977	0.02975
14.04034	0.02573
14.05091	0.0222
14.06148	0.01911
14.07205	0.01642
14.08262	0.01408
14.09318	0.01205
14.10375	0.0103
14.11432	0.0088
14.12489	0.00751
14.13546	0.00643
14.14603	0.00551
14.1566	0.00475
14.16717	0.00412
14.17774	0.00361
14.1883	0.00321
14.19887	0.00291
14.20944	0.0027
14.22001	0.00256
14.23058	0.00251
14.24115	0.00253
14.25172	0.00262
14.26229	0.00277
14.27286	0.00299
14.28343	0.00329
14.29399	0.00366
14.30456	0.00411
14.31513	0.00464
14.3257	0.00525
14.33627	0.00595
14.34684	0.00674
14.35741	0.00761
14.36798	0.00862
14.37855	0.00974
14.38912	0.01098
14.39968	0.01236
14.41025	0.01387
14.42082	0.01552
14.43139	0.01732
14.44196	0.01927
14.45253	0.0214
14.4631	0.0237
14.47367	0.02617
14.48424	0.02881
14.4948	0.03164
14.50537	0.03464
14.51594	0.03783
14.52651	0.04119
14.53708	0.04473
14.54765	0.04843
14.55822	0.0523
14.56879	0.05632
14.57936	0.06047
14.58993	0.06476
14.60049	0.06915
14.61106	0.07363
14.62163	0.07819
14.6322	0.0828
14.64277	0.08743
14.65334	0.09207
14.66391	0.09668
14.67448	0.10124
14.68505	0.10571
14.69562	0.11008
14.70618	0.11431
14.71675	0.11837
14.72732	0.12224
14.73789	0.12587
14.74846	0.12926
14.75903	0.13236
14.7696	0.13516
14.78017	0.13764
14.79074	0.13977
14.8013	0.14154
14.81187	0.14293
14.82244	0.14393
14.83301	0.14453
14.84358	0.14473
14.85415	0.14473
14.86472	0.14453
14.87529	0.14393
14.88586	0.14293
14.89643	0.14154
14.90699	0.13977
14.91756	0.13764
14.92813	0.13516
14.9387	0.13236
14.94927	0.12926
14.95984	0.12587
14.97041	0.12224
14.98098	0.11837
14.99155	0.11431
15.00212	0.11008
15.01268	0.10571
15.02325	0.10124
15.03382	0.09668
15.04439	0.09207
15.05496	0.08743
15.06553	0.0828
15.0761	0.07819
15.08667	0.07363
15.09724	0.06915
15.1078	0.06476
15.11837	0.06047
15.12894	0.05632
15.13951	0.0523
15.15008	0.04843
15.16065	0.04473
15.17122	0.04119
15.18179	0.03783
15.19236	0.03464
15.20293	0.03164
15.21349	0.02881
15.22406	0.02617
15.23463	0.0237
15.2452	0.0214
15.25577	0.01927
15.26634	0.01731
15.27691	0.0155
15.28748	0.01384
15.29805	0.01233
15.30862	0.01095
15.31918	0.0097
15.32975	0.00856
15.34032	0.00754
15.35089	0.00662
15.36146	0.0058
15.37203	0.00507
15.3826	0.00441
15.39317	0.00383
15.40374	0.00332
15.4143	0.00287
15.42487	0.00247
15.43544	0.00212
15.44601	0.00182
15.45658	0.00155
15.46715	0.00132
15.47772	0.00112
15.48829	9.49577E-4
15.49886	8.01966E-4
15.50943	6.75412E-4
15.51999	5.67242E-4
15.53056	4.75068E-4
15.54113	3.96762E-4
15.5517	3.30439E-4
15.56227	2.74436E-4
15.57284	2.27288E-4
15.58341	1.87715E-4
15.59398	1.546E-4
15.60455	1.26972E-4
15.61512	1.0399E-4
15.62568	8.49307E-5
16.85168	0
